.time on:2452
0 0 0 0 0 0 0 0 0 0 
time on:1296
86 128 131 134 135 135 135 135 135 135 
time on:1296
87 126 130 133 134 134 134 134 134 134 
time on:1292
77 126 130 133 134 134 134 134 134 134 
time on:1296
88 126 129 132 133 133 133 133 133 133 
time on:1296
85 125 129 132 133 133 133 133 133 133 
time on:1292
74 126 130 133 134 133 134 134 134 134 
time on:1296
91 133 137 140 141 141 141 140 140 140 
time on:1292
76 130 134 137 137 138 138 138 138 137 
time on:1300
91 126 130 133 134 134 134 134 134 134 
time on:1296
87 124 128 131 132 132 132 132 132 132 
time on:1304
64 100 101 103 105 105 105 105 105 105 
time on:1296
63 100 101 103 105 105 105 105 105 105 
time on:1296
64 99 100 102 104 104 104 104 104 104 
time on:1296
66 105 106 109 110 110 110 110 110 110 
time on:1296
78 122 125 128 129 129 129 129 129 129 
time on:1292
76 122 125 128 129 129 129 129 129 129 
time on:1296
60 99 100 102 104 104 104 104 104 104 
time on:1296
76 117 120 123 123 124 124 123 124 124 
time on:1300
90 124 128 130 131 131 131 131 131 131 
time on:1300
91 127 130 133 134 134 134 134 134 134 
time on:1300
91 128 131 134 135 135 135 135 135 135 
time on:1292
79 126 129 132 133 133 133 133 133 133 
time on:1300
94 130 134 138 138 138 137 138 138 137 
time on:1296
84 122 125 128 129 129 129 129 129 129 
time on:1292
59 101 102 104 106 106 106 106 106 106 
time on:1292
59 100 100 102 104 104 104 104 105 104 
time on:1296
82 124 128 131 132 132 132 132 132 132 
time on:1296
87 125 129 132 133 133 133 133 133 133 
time on:1296
81 123 126 129 129 130 130 130 130 130 
time on:1292
74 123 126 130 130 131 130 130 131 131 
time on:1296
66 104 105 108 109 109 109 109 109 109 
time on:1296
64 101 102 104 106 106 106 106 106 106 
time on:1300
80 110 112 115 116 116 116 116 116 116 
time on:1292
73 125 128 132 132 132 132 132 132 132 
time on:1300
91 126 129 132 133 133 133 133 133 133 
time on:1296
89 126 130 133 134 134 134 133 134 134 
time on:1296
90 130 134 137 138 138 138 138 138 138 
time on:1296
90 131 135 138 138 138 138 138 138 138 
time on:1292
74 125 128 132 132 132 132 132 132 132 
time on:1296
86 126 128 132 133 133 133 133 133 133 
time on:1296
85 130 134 137 137 137 137 137 137 137 
time on:1300
95 129 133 136 136 136 136 136 136 136 
time on:1296
85 130 134 137 138 138 138 138 138 138 
time on:1296
84 130 134 137 138 138 138 138 138 138 
time on:1296
93 130 135 138 138 138 138 138 138 138 
time on:1296
92 130 134 137 138 138 138 138 138 138 
time on:1296
80 122 125 128 129 129 129 129 129 129 
time on:1296
61 101 102 104 105 105 106 106 106 106 
time on:1296
83 125 128 131 132 132 132 132 132 132 
time on:1292
79 125 129 132 133 133 133 133 133 133 
time on:1300
88 123 126 129 130 130 129 129 130 130 
time on:1296
88 125 128 131 132 132 132 132 132 132 
time on:1296
86 124 127 130 130 131 131 131 131 131 
time on:1296
82 124 128 130 131 131 131 131 131 131 
time on:1300
91 124 127 130 130 131 130 131 131 131 
time on:1296
84 123 126 129 130 130 129 130 130 130 
time on:1292
72 123 126 129 130 130 130 130 130 130 
time on:1300
69 102 103 105 106 107 107 107 107 107 
time on:1296
74 110 112 115 116 116 116 116 116 116 
time on:1304
85 123 127 130 131 131 131 131 131 131 
time on:1296
90 131 134 138 138 138 138 138 138 138 
time on:1296
95 132 137 140 140 140 140 140 140 140 
time on:1296
87 127 130 133 133 134 134 134 134 134 
time on:1292
76 128 131 134 135 135 135 135 135 135 
time on:1296
90 130 135 138 138 138 138 138 138 139 
time on:1296
90 130 134 136 137 137 137 137 137 137 
time on:1296
81 126 129 132 133 132 133 132 133 133 
time on:1292
75 128 131 134 135 136 136 136 136 136 
time on:1296
81 123 125 129 129 129 129 129 129 129 
time on:1292
58 101 102 104 105 106 106 106 106 106 
time on:1296
85 125 129 132 132 133 133 133 133 133 
time on:1292
74 126 129 132 133 133 133 133 133 133 
time on:1300
91 125 128 132 132 132 133 132 132 132 
time on:1296
91 128 132 134 135 135 135 135 135 135 
time on:1296
85 124 128 131 132 132 132 132 132 132 
time on:1296
85 127 131 134 135 134 135 135 135 135 
time on:1296
86 123 126 130 130 130 130 130 130 130 
time on:1296
87 126 130 133 134 134 134 134 133 133 
time on:1292
73 123 126 129 129 129 129 129 129 129 
time on:1296
64 101 102 104 106 106 106 106 106 106 
time on:1296
80 117 119 123 124 123 124 124 123 123 
time on:1292
80 128 132 135 136 136 136 136 136 136 
time on:1296
88 125 129 132 133 133 133 133 133 133 
time on:1296
91 133 138 141 141 141 141 141 141 141 
time on:1296
91 130 134 137 138 138 138 138 138 138 
time on:1296
88 130 133 137 137 137 137 137 137 137 
time on:1292
80 129 133 137 137 137 137 137 137 137 
time on:1296
88 130 133 136 137 137 137 137 137 137 
time on:1292
77 130 133 136 137 137 137 137 137 137 
time on:1304
88 129 133 136 137 137 137 137 137 137 
time on:1296
87 129 133 136 137 137 137 137 137 136 
time on:1296
87 129 133 136 136 136 136 137 136 136 
time on:1296
86 129 132 136 136 136 136 137 137 136 
time on:1300
94 129 133 136 136 136 136 136 136 136 
time on:1296
92 129 133 136 136 136 136 136 136 136 
time on:1292
82 129 132 136 136 136 136 136 136 136 
time on:1296
89 129 133 136 136 136 136 136 136 136 
time on:1296
91 129 132 136 136 136 136 136 136 136 
