time on:1300
46 86 87 87 87 88 89 90 90 90 
time on:1292
44 88 88 89 89 90 91 92 92 92 
time on:1292
44 87 88 88 88 89 90 91 91 91 
time on:1300
46 89 89 90 90 92 91 93 93 93 
time on:1292
44 89 90 90 90 91 92 92 93 93 
time on:1292
45 88 88 88 88 90 91 91 92 92 
time on:1300
46 88 88 88 88 89 91 91 90 91 
time on:1296
45 88 86 87 88 89 90 90 89 89 
time on:1292
45 87 87 87 88 89 89 90 90 90 
time on:1300
46 89 88 88 89 90 91 91 91 92 
time on:1292
44 87 88 88 88 89 90 91 91 91 
time on:1296
46 87 87 87 87 88 89 90 90 90 
time on:1300
46 87 87 87 87 88 89 90 90 90 
time on:1292
44 87 88 88 89 90 91 91 91 92 
time on:1296
46 87 87 87 87 88 90 90 90 90 
time on:1300
46 87 88 89 89 90 91 91 92 92 
time on:1292
44 89 88 89 89 90 91 92 92 92 
time on:1296
46 88 88 88 89 89 91 91 91 91 
time on:1300
46 87 87 87 87 88 89 90 90 90 
time on:1292
44 87 88 88 88 89 90 90 91 91 
time on:1300
45 88 88 88 89 89 90 90 91 89 
time on:1300
46 89 89 89 89 90 91 92 92 92 
time on:1292
44 88 88 88 88 89 91 91 90 91 
time on:1300
46 88 88 88 88 89 91 91 91 91 
time on:1300
46 88 88 88 88 89 91 91 91 91 
time on:1300
44 87 87 88 88 89 90 91 91 91 
time on:1296
46 88 88 88 89 90 90 91 91 91 
time on:1300
46 87 87 87 87 88 88 90 90 90 
time on:1292
44 87 87 86 87 88 89 90 89 90 
time on:1292
44 88 88 88 88 89 90 91 91 90 
time on:1300
46 87 87 87 88 89 89 90 90 90 
time on:1300
46 87 87 87 87 88 89 89 90 90 
time on:1292
44 86 87 87 87 87 89 90 90 90 
time on:1300
45 87 87 88 88 89 89 90 91 90 
time on:1300
46 87 86 87 87 88 89 90 90 90 
time on:1292
44 85 86 86 87 87 88 89 89 89 
time on:1292
44 86 86 87 86 88 89 89 89 89 
time on:1292
44 86 87 87 88 88 89 90 90 90 
time on:1300
46 87 88 88 88 89 90 90 91 91 
time on:1300
46 88 87 88 88 89 90 91 91 91 
time on:1292
44 88 88 88 89 90 91 91 92 92 
time on:1296
46 88 87 88 88 89 90 91 91 91 
time on:1300
46 89 88 89 89 91 92 92 92 92 
time on:1292
44 88 88 88 89 90 90 91 91 91 
time on:1292
44 88 88 88 89 90 90 91 91 91 
time on:1300
46 88 89 88 89 89 91 91 92 92 
time on:1292
44 89 89 89 89 91 92 92 93 93 
time on:1296
45 86 86 86 87 87 89 90 89 89 
time on:1300
45 85 85 85 85 86 87 88 87 88 
time on:1292
44 85 86 85 86 87 88 88 88 88 
time on:1296
45 85 85 85 85 86 86 87 88 88 
time on:1300
45 84 84 85 85 85 86 87 87 87 
time on:1292
44 85 85 84 85 86 87 88 88 88 
time on:1300
45 85 85 85 85 85 87 88 88 87 
time on:1300
45 84 85 85 85 85 87 88 88 88 
time on:1292
43 84 85 85 85 86 87 88 88 88 
time on:1300
45 86 86 86 87 88 88 89 89 90 
time on:1300
46 85 85 85 85 86 88 88 88 88 
time on:1292
44 86 86 86 86 87 88 88 89 89 
time on:1308
44 84 85 85 85 86 87 88 88 88 
time on:1300
45 84 85 85 85 86 87 88 88 88 
time on:1300
45 85 85 84 85 86 87 87 88 88 
time on:1292
44 84 85 85 86 86 87 88 88 88 
time on:1296
44 84 84 84 84 85 86 87 87 87 
time on:1296
44 84 84 85 85 86 87 87 87 88 
time on:1292
44 85 85 85 85 86 87 87 88 88 
time on:1300
46 84 85 85 85 86 87 88 88 87 
time on:1292
44 85 85 85 85 86 86 88 88 88 
time on:1292
44 84 84 84 85 86 86 87 87 87 
time on:1300
45 84 84 84 85 85 86 87 87 87 
time on:1292
44 84 84 84 85 86 87 87 88 87 
time on:1292
44 84 85 85 85 86 86 87 88 87 
time on:1300
45 84 84 84 84 86 86 87 87 87 
time on:1300
50 85 85 85 86 87 88 88 88 88 
time on:1292
48 84 86 86 87 87 88 88 87 88 
time on:1300
52 85 86 87 87 88 88 88 88 88 
time on:1292
47 85 86 86 87 88 88 89 88 88 
time on:1296
51 87 88 89 90 90 91 90 90 91 
time on:1300
52 87 87 88 89 89 90 90 90 90 
time on:1292
48 87 87 88 89 90 90 90 90 90 
time on:1292
48 88 89 89 90 91 91 91 91 91 
time on:1300
53 87 88 89 89 90 90 90 90 90 
time on:1292
47 87 88 88 89 90 90 90 90 90 
time on:1296
51 86 86 87 88 89 89 89 89 89 
time on:1300
52 88 88 88 90 90 90 91 91 91 
time on:1300
52 87 87 87 89 90 90 90 89 90 
time on:1292
47 87 87 88 89 90 90 90 90 90 
time on:1300
52 87 87 88 89 90 90 90 90 90 
time on:1300
53 86 86 87 88 89 89 89 89 89 
time on:1292
48 87 87 88 89 89 90 90 89 90 
