time on:1296
58 89 90 90 90 92 92 92 92 92 
time on:1300
58 89 89 90 90 91 92 92 92 92 
time on:1292
53 89 89 89 91 91 92 92 93 92 
time on:1292
54 89 90 90 91 92 92 93 93 93 
time on:1300
59 89 89 90 90 91 92 92 92 92 
time on:1292
53 89 89 89 90 91 92 92 92 92 
time on:1296
58 89 89 90 90 91 92 93 92 92 
time on:1300
58 88 89 90 91 91 92 92 92 92 
time on:1292
52 89 89 87 91 92 92 92 92 92 
time on:1300
59 89 89 90 90 92 92 92 93 92 
time on:1300
59 89 89 90 90 92 92 93 93 92 
time on:1292
53 90 89 90 91 92 92 93 93 93 
time on:1300
59 89 90 90 91 92 93 92 93 93 
time on:1300
60 89 89 90 90 92 92 92 92 92 
time on:1292
52 89 89 90 91 92 93 92 93 93 
time on:1296
57 89 90 90 91 92 92 92 93 93 
time on:1300
59 90 90 90 91 92 93 93 93 92 
time on:1292
52 89 89 90 91 92 92 92 93 92 
time on:1292
54 90 90 90 91 92 93 92 93 93 
time on:1300
61 90 90 91 91 92 93 93 93 93 
time on:1296
55 89 90 90 91 92 92 93 93 93 
time on:1292
53 89 90 90 91 92 93 93 93 93 
time on:1300
60 90 90 91 92 93 93 93 93 93 
time on:1292
53 90 90 90 91 93 93 93 93 93 
time on:1296
59 90 91 91 92 93 93 94 93 93 
time on:1300
61 90 90 91 92 93 93 93 94 94 
time on:1292
53 90 90 91 91 93 93 93 93 93 
time on:1300
59 90 90 90 92 92 93 93 93 93 
time on:1300
60 90 90 90 92 92 92 93 93 93 
time on:1292
53 90 90 90 91 92 93 93 93 93 
time on:1300
59 89 90 90 91 92 93 93 92 93 
time on:1300
59 89 90 90 91 92 93 93 93 93 
time on:1292
53 89 90 90 91 92 93 93 93 93 
time on:1300
60 89 90 90 91 92 93 93 93 93 
time on:1300
60 89 90 90 91 92 92 92 92 92 
time on:1292
53 89 89 90 90 92 92 92 92 92 
time on:1300
58 89 89 90 91 92 92 92 93 92 
time on:1300
58 89 89 90 90 92 91 92 92 92 
time on:1300
53 89 90 90 91 92 92 93 93 92 
time on:1292
55 89 90 90 91 92 92 93 93 93 
time on:1300
60 90 90 90 91 92 92 92 93 93 
time on:1292
52 89 90 90 91 92 92 92 93 92 
time on:1292
54 89 89 90 91 92 92 92 93 93 
time on:1300
59 88 90 90 91 91 91 92 92 92 
time on:1300
60 89 90 90 91 92 93 92 93 93 
time on:1292
53 88 89 90 91 92 92 93 92 93 
time on:1300
60 90 90 90 91 92 92 93 93 93 
time on:1292
53 90 90 90 90 92 92 93 93 93 
time on:1296
58 89 89 90 91 91 93 92 92 92 
time on:1300
60 89 89 90 91 92 92 92 92 92 
time on:1292
52 89 89 90 90 91 92 92 92 92 
time on:1300
58 89 89 90 91 91 92 92 93 92 
time on:1300
60 89 90 90 90 92 92 92 92 93 
time on:1292
52 89 89 90 91 92 92 92 93 92 
time on:1300
59 90 90 90 91 92 93 93 93 93 
time on:1300
61 90 90 90 91 92 93 93 93 93 
time on:1292
53 89 89 90 91 91 92 93 92 93 
time on:1292
54 90 90 90 91 92 93 93 93 93 
time on:1300
59 90 90 90 91 92 93 92 93 93 
time on:1292
52 90 90 90 91 92 93 93 93 93 
time on:1296
58 90 90 90 91 92 93 93 93 92 
time on:1300
61 89 89 90 91 92 93 93 93 93 
time on:1292
53 90 90 91 92 93 93 94 93 93 
time on:1300
60 90 90 91 92 92 93 93 93 93 
time on:1300
59 90 90 90 92 93 94 93 93 93 
time on:1292
52 90 90 91 92 93 93 93 93 93 
time on:1292
53 90 90 90 92 93 94 94 94 94 
time on:1300
60 90 91 91 92 93 94 93 94 94 
time on:1292
53 90 91 91 92 93 94 94 94 94 
time on:1296
60 91 90 92 92 93 94 94 94 94 
time on:1300
61 91 91 92 93 94 94 94 94 94 
time on:1292
53 91 91 92 92 93 94 94 94 94 
time on:1308
60 91 91 91 92 93 94 94 94 94 
time on:1300
60 91 91 92 92 94 94 94 95 94 
time on:1292
52 91 91 91 92 93 94 94 94 94 
time on:1296
60 91 91 91 92 94 94 94 95 94 
time on:1300
60 90 88 90 91 92 92 92 92 93 
time on:1292
54 91 91 92 93 94 94 94 94 94 
time on:1300
60 91 90 91 92 94 94 94 94 94 
time on:1300
60 91 91 91 92 94 94 94 94 94 
time on:1292
53 89 89 90 91 92 92 92 93 93 
time on:1292
54 90 90 91 92 93 93 94 94 94 
time on:1300
59 90 90 91 92 93 94 94 93 94 
time on:1292
53 90 90 91 92 93 93 94 93 94 
time on:1296
58 90 90 91 92 93 93 93 93 94 
time on:1300
60 91 91 91 92 93 93 93 94 94 
time on:1292
53 91 91 91 92 93 94 94 94 94 
time on:1300
60 91 90 91 92 94 94 94 94 94 
time on:1300
60 90 90 91 92 93 93 94 93 94 
time on:1292
52 90 90 91 92 93 94 94 94 94 
time on:1300
60 90 91 91 92 93 94 94 94 94 
time on:1300
61 91 91 91 92 93 94 94 94 94 
time on:1292
53 90 91 91 92 93 94 94 94 94 
time on:1300
61 91 91 91 93 93 94 94 94 94 
time on:1300
61 91 91 91 93 93 94 94 94 94 
time on:1292
53 90 91 91 92 92 93 94 94 94 
time on:1300
59 90 90 90 92 93 93 93 94 94 
time on:1300
60 90 91 90 92 93 94 94 94 94 
time on:1292
53 90 91 91 92 93 94 94 93 94 
time on:1296
59 91 91 91 92 93 94 94 94 94 
time on:1300
61 90 90 91 92 93 94 94 94 94 
time on:1292
53 91 91 91 92 93 94 94 93 93 
time on:1296
59 91 91 91 92 93 93 94 94 94 
time on:1300
60 90 90 91 91 93 94 93 93 93 
time on:1292
52 90 90 90 92 92 93 93 93 93 
time on:1292
54 90 90 91 92 92 93 93 93 93 
time on:1308
61 90 90 90 92 93 93 93 93 94 
time on:1292
53 90 90 91 92 93 93 94 93 93 
time on:1300
60 90 90 90 91 92 93 93 93 93 
time on:1300
61 90 90 91 91 92 93 93 93 93 
time on:1300
60 90 90 90 92 92 93 93 93 93 
time on:1292
53 90 90 91 91 92 93 93 93 93 
time on:1300
60 89 90 90 91 92 93 93 93 93 
time on:1292
52 89 90 90 92 92 93 93 93 93 
time on:1296
59 90 90 91 91 92 93 93 93 94 
time on:1300
60 90 90 90 92 92 93 94 93 94 
time on:1300
61 90 90 91 92 93 93 93 93 94 
time on:1292
53 90 90 91 91 93 93 94 94 94 
time on:1300
59 90 90 91 92 92 93 93 94 93 
time on:1292
52 90 90 90 92 93 93 93 93 93 
time on:1292
53 90 89 90 91 92 93 93 93 93 
time on:1300
59 90 90 90 91 92 93 92 93 93 
time on:1292
53 90 90 91 92 92 93 93 93 93 
time on:1296
59 90 90 90 91 92 93 93 93 92 
time on:1300
60 90 90 90 91 93 93 93 93 93 
time on:1292
52 90 90 91 92 93 93 93 93 93 
time on:1300
59 90 90 90 92 92 92 93 93 93 
time on:1300
60 90 90 91 91 92 93 93 93 93 
time on:1292
53 90 90 90 91 92 93 93 93 93 
time on:1300
59 90 90 90 91 92 93 93 92 93 
time on:1300
60 89 90 90 91 92 93 92 93 93 
time on:1292
53 89 90 90 91 92 92 92 93 93 
time on:1296
59 89 89 90 91 92 92 92 92 92 
time on:1300
59 89 89 90 90 92 92 92 92 92 
time on:1292
52 89 89 90 90 92 92 92 92 92 
time on:1300
58 89 89 90 91 91 92 92 92 92 
time on:1300
59 89 89 89 91 92 92 92 92 92 
time on:1292
53 89 90 90 91 92 93 93 93 93 
time on:1296
59 90 90 90 91 92 93 93 93 93 
time on:1300
60 89 89 90 91 92 92 92 93 93 
time on:1300
53 90 90 90 91 92 93 93 93 93 
time on:1300
59 90 89 90 91 92 92 93 93 93 
time on:1300
60 90 89 90 91 92 93 93 93 93 
time on:1292
52 89 90 90 91 92 92 92 92 93 
time on:1292
54 90 90 90 91 92 93 93 93 93 
time on:1300
60 90 90 90 91 92 93 93 93 93 
time on:1292
53 89 90 91 91 92 93 93 93 93 
time on:1300
60 90 90 91 91 92 93 93 93 93 
time on:1300
59 90 90 90 91 93 92 92 93 93 
time on:1300
60 90 90 90 91 92 93 92 93 93 
time on:1292
52 89 89 90 90 92 92 92 93 93 
time on:1292
52 89 88 90 91 92 92 93 93 93 
time on:1292
52 89 90 90 91 92 93 92 93 93 
time on:1300
47 87 88 88 88 89 91 91 91 91 
time on:1300
47 88 88 88 88 89 90 91 91 92 
time on:1292
45 88 88 88 89 89 91 91 91 92 
time on:1296
47 88 87 88 88 89 90 91 91 91 
time on:1300
47 88 88 88 89 90 90 91 91 91 
time on:1292
45 87 88 88 88 89 90 91 91 91 
time on:1292
45 87 88 88 88 89 90 91 91 91 
time on:1300
48 87 88 88 89 89 90 91 91 91 
time on:1292
45 88 88 88 89 90 90 91 91 91 
time on:1296
47 88 88 88 88 90 91 91 91 92 
time on:1300
47 88 88 88 88 90 90 91 91 91 
time on:1292
45 88 88 88 88 89 90 91 91 91 
time on:1300
47 88 88 88 89 89 90 91 91 91 
time on:1300
47 88 88 88 88 89 90 91 91 91 
time on:1292
45 88 88 87 88 89 90 91 91 91 
time on:1296
47 88 88 88 89 90 91 91 90 91 
time on:1300
48 88 88 88 89 90 91 91 91 92 
time on:1292
45 88 88 89 89 90 90 91 91 92 
time on:1300
47 88 88 88 89 90 91 92 92 92 
time on:1300
47 88 88 89 89 90 91 92 92 92 
time on:1292
45 88 88 88 89 90 91 91 91 92 
time on:1304
47 88 88 89 89 90 91 91 91 91 
time on:1300
47 88 88 88 89 90 91 91 91 91 
time on:1292
45 89 88 88 89 90 91 92 92 92 
time on:1296
46 89 89 89 89 90 92 91 92 92 
time on:1300
47 88 89 89 89 91 92 92 92 92 
time on:1292
45 89 89 89 89 90 91 92 92 92 
time on:1296
47 88 89 88 89 91 91 92 92 92 
time on:1300
47 88 88 89 89 90 91 92 92 92 
time on:1292
45 89 89 89 89 90 91 92 92 92 
time on:1292
45 89 89 89 90 91 92 92 92 92 
time on:1300
48 89 89 89 90 90 92 92 92 92 
time on:1292
45 89 89 89 90 90 91 92 92 92 
time on:1292
45 89 88 89 90 90 91 92 92 92 
time on:1300
48 88 89 89 89 91 92 92 92 92 
time on:1292
45 88 88 88 89 90 92 92 92 92 
time on:1296
47 88 88 89 89 90 92 92 92 92 
time on:1300
47 88 89 89 89 90 91 92 92 92 
time on:1292
45 87 88 88 88 89 91 91 91 91 
time on:1300
47 88 89 89 89 90 91 91 92 92 
time on:1300
47 88 89 88 89 90 91 91 91 92 
time on:1292
45 88 89 89 90 90 92 92 92 92 
time on:1292
45 88 88 89 89 90 91 92 92 92 
time on:1300
47 88 89 89 89 90 91 92 92 92 
time on:1292
45 88 89 89 89 90 91 92 92 92 
time on:1292
45 89 89 89 89 90 91 92 92 92 
time on:1300
48 89 89 88 90 91 91 92 92 92 
time on:1292
46 89 89 89 90 91 92 92 92 92 
time on:1296
47 89 89 89 90 91 92 92 92 92 
time on:1300
47 89 89 89 90 91 92 92 92 92 
time on:1292
45 88 89 89 89 90 91 92 92 92 
time on:1300
47 89 89 89 90 91 92 92 92 92 
time on:1300
48 89 89 89 89 91 92 92 92 92 
time on:1292
45 89 89 89 90 91 92 92 92 93 
time on:1292
45 89 89 89 90 90 92 92 93 92 
time on:1308
47 89 88 89 90 91 92 93 93 93 
time on:1292
45 89 89 89 89 90 92 92 92 92 
time on:1296
47 89 89 89 90 90 91 92 92 92 
time on:1300
47 88 88 88 89 90 91 91 91 92 
time on:1292
45 88 88 88 89 89 91 91 91 92 
time on:1304
47 88 88 88 89 90 91 91 91 91 
time on:1300
48 88 88 88 89 90 91 91 91 91 
time on:1292
45 88 88 88 88 88 91 91 91 91 
time on:1296
47 88 88 88 89 90 91 91 92 92 
time on:1300
48 88 88 88 89 90 91 91 92 91 
time on:1292
45 88 88 88 89 90 91 91 91 91 
time on:1300
46 88 88 88 88 89 90 91 91 91 
time on:1300
47 89 88 89 90 90 91 91 92 92 
time on:1292
45 88 88 88 89 90 91 92 92 92 
time on:1292
46 88 88 89 89 90 91 92 91 92 
time on:1300
47 88 88 88 89 90 91 92 91 92 
time on:1292
45 88 88 88 89 90 91 91 92 92 
time on:1300
48 89 89 89 89 90 91 92 92 92 
time on:1300
48 88 88 89 89 90 91 92 92 92 
time on:1292
45 88 89 89 89 90 91 92 92 92 
time on:1296
47 89 90 89 90 91 91 92 92 92 
time on:1296
46 89 89 89 90 91 92 92 93 92 
time on:1292
45 89 88 89 89 90 91 92 92 92 
time on:1296
46 89 88 89 89 90 91 91 92 92 
time on:1300
47 89 88 89 89 90 91 92 92 92 
time on:1292
45 89 88 89 89 90 91 91 92 92 
time on:1296
46 88 88 88 89 90 91 91 92 92 
time on:1300
46 88 88 88 89 89 91 91 91 91 
time on:1300
47 88 88 89 89 90 91 92 92 92 
time on:1292
45 88 89 89 89 90 91 91 92 92 
time on:1300
47 89 89 89 89 90 91 92 92 92 
time on:1292
45 88 89 88 89 89 91 91 91 91 
time on:1300
46 88 88 88 88 90 90 91 91 92 
time on:1300
47 88 88 88 88 90 91 91 91 91 
time on:1292
45 88 88 88 89 90 91 91 92 91 
time on:1296
47 88 88 89 89 90 90 91 92 91 
time on:1300
47 88 88 88 89 90 91 92 92 92 
time on:1300
48 88 89 88 89 90 91 92 91 91 
time on:1292
45 88 89 89 89 90 91 91 91 92 
time on:1308
47 89 89 89 89 90 91 92 92 92 
time on:1292
45 88 89 89 89 90 91 92 92 91 
time on:1296
47 89 89 89 90 90 91 91 91 92 
time on:1300
47 88 89 89 90 90 91 92 92 92 
time on:1292
45 88 89 89 89 91 91 91 92 92 
time on:1300
47 88 88 88 89 90 91 91 91 91 
time on:1300
47 88 88 88 89 90 90 92 91 92 
time on:1292
45 88 88 88 89 90 91 91 91 91 
time on:1300
47 88 88 88 89 89 90 91 91 91 
time on:1300
47 88 88 88 89 89 90 91 91 92 
time on:1292
45 88 88 89 88 90 91 90 91 91 
time on:1292
45 88 88 88 88 90 91 91 91 91 
time on:1300
47 88 88 89 89 90 91 92 92 92 
time on:1292
45 88 88 89 89 90 91 91 91 91 
time on:1292
45 88 89 88 89 90 91 92 91 92 
time on:1300
47 88 88 88 89 90 91 91 91 92 
time on:1296
45 88 88 88 88 89 90 91 91 91 
time on:1292
45 88 88 88 88 90 91 91 91 92 
time on:1300
47 87 88 88 88 89 91 91 90 91 
time on:1292
45 88 88 88 89 90 91 91 92 92 
time on:1296
47 88 88 88 89 90 91 91 91 92 
time on:1300
48 88 88 88 89 90 90 91 91 91 
time on:1292
45 88 88 88 89 89 90 91 91 91 
time on:1296
46 88 88 88 88 89 90 91 91 90 
time on:1300
47 87 87 88 87 89 89 90 90 90 
time on:1292
45 86 87 87 88 88 89 90 90 90 
time on:1296
47 88 88 88 88 89 90 90 91 91 
time on:1300
46 87 87 87 87 88 90 90 90 90 
time on:1292
45 87 87 88 88 88 90 90 90 91 
time on:1296
46 87 87 87 87 88 89 90 90 90 
time on:1300
47 87 87 87 88 89 90 90 90 90 
time on:1292
44 87 87 88 88 89 90 90 91 91 
time on:1300
47 87 87 88 88 89 90 90 91 91 
time on:1300
47 87 87 86 88 89 90 90 91 90 
time on:1300
45 87 88 88 88 89 90 90 90 90 
time on:1300
46 87 87 88 88 88 90 90 90 91 
time on:1300
47 87 87 88 88 89 90 90 90 90 
time on:1292
45 87 87 86 87 88 90 90 91 90 
time on:1292
45 88 88 88 89 89 90 91 91 91 
time on:1300
47 88 88 88 88 89 91 91 91 91 
time on:1292
45 88 88 88 88 89 91 91 91 91 
time on:1296
47 88 88 88 89 90 91 91 91 91 
time on:1300
47 88 88 87 88 90 90 91 91 91 
time on:1292
45 87 88 88 88 89 90 90 91 91 
time on:1300
46 88 88 88 88 89 90 91 91 91 
time on:1292
45 88 88 88 89 90 90 91 91 91 
time on:1292
45 88 87 87 89 89 90 91 91 91 
time on:1300
46 87 87 88 88 88 89 90 90 90 
time on:1300
47 87 87 88 88 89 90 90 90 91 
time on:1292
45 87 87 88 88 89 89 90 91 90 
time on:1300
46 87 87 87 88 89 89 90 90 90 
time on:1300
47 87 87 87 88 89 90 90 90 90 
time on:1292
45 87 87 88 88 89 90 91 91 91 
time on:1292
45 87 87 88 88 89 90 90 90 90 
time on:1300
47 88 88 88 88 89 90 91 91 91 
time on:1292
45 87 86 86 87 87 89 89 89 89 
time on:1296
46 87 87 87 88 89 90 89 90 91 
time on:1300
46 87 87 87 88 89 90 89 90 90 
time on:1292
45 87 88 87 88 89 90 90 91 90 
time on:1296
46 87 86 87 88 89 90 90 90 90 
time on:1300
47 87 87 87 88 89 90 90 90 91 
time on:1292
45 87 87 87 88 89 90 90 90 91 
time on:1296
46 87 87 88 88 89 90 90 91 91 
time on:1300
46 87 87 86 87 88 89 90 90 90 
time on:1300
47 87 87 86 87 88 89 90 90 90 
time on:1292
46 86 87 87 88 88 89 90 90 90 
time on:1300
47 87 87 87 88 88 90 90 90 90 
time on:1292
45 86 86 86 86 88 89 89 89 90 
time on:1308
46 86 87 87 87 88 89 90 89 90 
time on:1300
47 87 87 87 88 88 89 90 90 90 
time on:1300
46 87 87 87 87 88 89 89 90 90 
time on:1292
45 86 86 86 86 87 89 89 89 90 
time on:1296
45 86 87 87 87 88 89 90 90 89 
time on:1296
45 86 87 87 87 88 89 89 90 89 
time on:1292
45 87 87 87 88 88 89 90 90 90 
time on:1300
47 87 87 88 88 89 90 90 90 90 
time on:1292
45 87 87 87 88 89 90 91 90 90 
time on:1292
45 87 87 86 88 89 90 89 90 90 
time on:1300
47 87 87 87 87 88 90 90 89 90 
time on:1292
44 87 86 87 87 87 90 90 90 90 
time on:1292
45 86 87 87 87 88 89 89 90 90 
time on:1300
46 86 86 87 87 88 89 89 89 90 
time on:1292
45 86 87 87 87 88 89 89 90 90 
time on:1296
46 87 87 87 87 89 89 90 90 90 
time on:1300
46 87 87 87 87 88 89 90 89 90 
time on:1292
45 86 87 87 88 88 89 90 90 90 
time on:1300
46 87 87 87 88 89 89 90 90 90 
time on:1300
46 87 87 87 88 89 89 90 90 90 
time on:1292
45 86 86 86 87 88 89 90 90 90 
time on:1292
45 87 87 87 88 88 89 90 90 90 
time on:1300
46 86 87 87 87 88 89 89 90 90 
time on:1292
45 86 87 87 87 88 89 90 90 90 
time on:1296
46 86 87 87 87 88 89 89 90 90 
time on:1300
46 87 86 87 88 88 90 90 90 90 
time on:1300
47 86 86 87 87 88 89 90 90 90 
time on:1292
44 86 86 86 87 88 89 88 90 90 
time on:1300
47 86 86 86 87 87 89 89 90 89 
time on:1292
45 86 86 86 87 88 89 89 89 89 
time on:1296
46 86 86 86 87 88 89 88 89 89 
time on:1300
46 86 86 86 86 88 88 89 89 89 
time on:1292
44 86 86 86 87 88 88 89 89 89 
time on:1292
45 86 86 86 86 87 88 89 89 89 
time on:1308
46 86 86 87 87 88 89 89 89 90 
time on:1292
44 86 87 86 86 88 88 89 89 89 
time on:1300
46 87 86 86 87 88 89 89 90 90 
time on:1300
47 86 87 87 87 88 89 90 90 90 
time on:1292
45 86 86 87 87 88 89 89 90 89 
time on:1300
46 87 87 87 87 88 89 90 90 90 
time on:1300
46 86 86 87 87 88 89 88 90 90 
time on:1292
45 86 87 87 87 88 88 89 89 89 
time on:1300
46 86 86 87 87 88 89 89 90 89 
time on:1300
46 86 87 87 87 88 89 89 90 89 
time on:1292
44 86 87 87 87 88 89 89 90 90 
time on:1300
46 87 87 87 88 89 90 89 90 90 
time on:1300
46 87 87 87 87 88 89 90 90 90 
time on:1292
45 87 87 87 87 88 89 90 89 90 
time on:1292
45 87 87 87 88 88 90 90 90 90 
time on:1300
46 87 87 88 88 89 90 90 91 91 
time on:1292
45 88 88 87 88 89 89 91 90 91 
time on:1296
46 87 87 87 88 89 90 91 90 91 
time on:1300
46 87 87 88 88 89 90 90 90 91 
time on:1292
44 87 87 87 87 88 89 91 90 91 
time on:1300
46 88 87 88 88 88 90 90 91 90 
time on:1296
45 87 87 87 87 88 90 90 90 91 
time on:1292
45 87 87 88 88 89 89 90 90 91 
time on:1296
46 87 87 87 87 88 90 90 90 90 
time on:1300
47 87 88 88 88 89 90 90 90 91 
time on:1292
45 87 87 87 88 89 90 91 91 91 
time on:1296
46 87 87 88 88 89 90 90 91 91 
time on:1300
47 87 88 88 88 89 90 90 90 90 
time on:1292
44 87 88 88 89 89 90 91 91 91 
time on:1300
46 88 88 88 88 89 90 91 91 91 
time on:1300
46 87 88 88 88 89 90 91 91 91 
time on:1300
48 88 88 88 89 89 90 91 91 91 
time on:1292
45 88 88 88 89 90 91 91 92 92 
time on:1292
45 88 88 88 89 90 90 91 91 92 
time on:1304
45 88 88 88 89 90 90 91 91 91 
time on:1296
46 88 88 88 88 89 90 91 91 91 
time on:1296
46 87 87 88 88 89 90 91 91 91 
time on:1292
44 88 88 88 88 89 91 91 91 91 
time on:1292
45 88 88 88 89 89 91 91 91 91 
time on:1300
47 88 88 88 89 90 91 91 91 91 
time on:1292
44 87 89 89 89 90 91 92 92 92 
time on:1296
46 88 89 89 89 90 91 92 92 92 
time on:1300
48 89 88 89 89 91 91 92 92 91 
time on:1292
45 89 89 88 90 90 91 92 92 92 
time on:1296
46 88 88 89 88 90 91 91 91 92 
time on:1300
47 89 89 89 89 90 91 92 92 92 
time on:1292
44 88 88 89 89 90 91 92 92 92 
time on:1300
47 88 88 89 89 90 90 92 92 92 
time on:1300
47 88 88 88 89 90 91 91 91 91 
time on:1292
45 89 89 89 90 91 91 92 92 93 
time on:1296
46 87 87 87 88 89 89 90 90 91 
time on:1300
46 85 85 86 86 86 88 88 88 88 
time on:1292
43 84 85 86 86 86 87 88 88 88 
time on:1292
45 85 85 85 85 86 87 88 88 87 
time on:1300
45 85 84 85 85 86 87 87 87 88 
time on:1296
45 84 85 85 85 86 87 87 88 88 
time on:1292
44 83 85 86 85 86 87 88 88 87 
time on:1300
46 85 85 85 86 87 87 88 88 88 
time on:1292
44 85 86 86 86 87 88 88 88 89 
time on:1300
47 86 86 86 87 87 89 89 89 89 
time on:1300
46 84 85 85 85 86 87 87 88 88 
time on:1292
44 86 86 86 86 87 88 89 89 89 
time on:1300
46 85 85 85 86 86 88 88 89 88 
time on:1300
46 84 84 85 85 86 87 87 88 87 
time on:1292
45 85 85 85 85 86 86 87 88 88 
time on:1296
45 85 85 85 85 86 87 88 88 88 
time on:1300
46 85 84 85 84 86 86 87 88 88 
time on:1292
45 84 84 84 85 86 87 87 88 87 
time on:1296
45 84 85 84 85 86 86 87 87 87 
time on:1300
46 85 85 85 85 86 87 88 88 88 
time on:1292
44 85 84 85 85 86 87 87 87 88 
time on:1300
45 84 84 84 85 85 86 87 87 87 
time on:1300
44 84 84 84 85 85 86 87 87 87 
time on:1300
44 84 85 85 85 86 87 88 88 88 
time on:1292
44 84 85 85 85 86 87 87 88 88 
time on:1300
45 84 84 84 85 86 86 87 88 88 
time on:1292
44 84 84 84 84 84 86 86 87 87 
time on:1292
45 84 85 85 85 85 87 87 87 87 
time on:1300
46 85 85 85 85 86 86 87 88 88 
time on:1300
47 85 85 85 86 87 88 88 89 88 
time on:1292
45 85 86 85 86 87 88 88 88 88 
time on:1300
46 86 87 87 87 88 89 90 90 90 
time on:1292
44 86 86 87 87 88 89 89 90 90 
time on:1296
46 87 87 87 88 88 89 90 90 90 
time on:1300
46 86 86 86 87 88 89 89 89 89 
time on:1292
44 86 86 87 87 88 88 89 90 90 
time on:1300
46 85 86 86 86 87 88 89 88 89 
time on:1300
46 86 87 87 87 88 89 89 90 90 
time on:1292
45 86 86 86 87 88 89 89 89 89 
time on:1296
48 86 86 88 88 88 89 88 90 90 
time on:1300
60 89 89 90 91 91 92 91 91 91 
time on:1292
51 88 88 89 90 90 90 91 90 90 
time on:1292
50 87 88 89 90 90 91 91 91 90 
time on:1300
56 88 89 90 90 91 91 91 91 91 
time on:1292
50 88 88 89 90 91 91 91 91 91 
time on:1300
59 88 90 91 91 91 92 92 92 92 
time on:1300
59 89 90 91 92 92 92 92 92 92 
time on:1292
53 89 90 91 92 92 92 92 92 92 
time on:1300
53 87 88 88 90 90 90 90 90 90 
time on:1300
57 88 88 89 90 90 91 91 91 91 
time on:1292
46 88 88 88 89 90 91 91 91 91 
time on:1292
46 88 88 89 90 90 91 91 91 91 
time on:1300
50 87 87 88 89 89 90 91 90 90 
time on:1292
47 88 88 89 89 91 91 91 91 91 
time on:1300
51 87 88 89 89 90 90 91 91 91 
time on:1300
52 87 88 89 89 90 90 91 90 90 
time on:1300
52 86 86 87 88 89 89 89 89 89 
time on:1300
47 85 86 86 87 87 88 88 88 88 
time on:1296
48 86 86 87 88 89 89 89 89 89 
time on:1292
47 87 87 88 89 89 90 90 90 90 
time on:1300
51 87 88 88 90 90 90 90 90 90 
time on:1300
51 87 87 88 89 90 89 90 90 90 
time on:1292
47 86 87 87 88 89 89 89 89 89 
time on:1300
52 86 87 87 88 89 89 89 89 89 
time on:1300
52 85 86 86 87 88 88 88 88 88 
time on:1292
46 85 86 86 87 88 88 88 89 88 
time on:1292
47 85 85 86 87 87 88 88 88 88 
time on:1300
47 85 85 85 86 87 88 88 89 87 
time on:1292
46 86 86 86 87 87 88 88 89 89 
time on:1296
48 86 86 86 87 88 89 89 89 90 
time on:1300
48 86 86 87 87 88 89 89 89 89 
time on:1292
46 86 87 88 88 89 91 91 91 90 
time on:1300
50 87 88 89 90 91 90 91 91 91 
time on:1300
51 87 88 89 89 90 90 90 90 90 
time on:1292
48 89 89 90 90 92 91 92 92 92 
time on:1300
54 89 89 91 92 92 92 93 93 93 
time on:1300
53 88 89 90 90 91 91 91 91 91 
time on:1292
48 88 88 89 90 90 91 91 91 91 
time on:1296
53 88 88 90 91 91 91 91 91 91 
time on:1300
49 89 89 90 92 92 93 93 93 92 
time on:1292
44 90 90 90 91 92 93 93 93 93 
time on:1300
47 92 92 92 92 93 95 95 95 95 
time on:1300
47 89 90 90 91 92 93 93 93 93 
time on:1292
45 89 90 89 90 91 92 92 93 93 
time on:1296
46 87 87 87 88 89 90 90 90 90 
time on:1300
46 85 85 86 86 87 87 88 89 88 
time on:1292
45 85 85 85 85 86 87 88 88 88 
time on:1296
45 82 82 82 82 83 84 84 84 85 
time on:1300
45 74 74 74 74 75 75 76 76 76 
time on:1292
44 72 73 73 73 73 73 74 74 75 
time on:1292
44 72 72 72 72 73 72 74 74 74 
time on:1308
44 72 72 72 72 72 73 73 73 74 
time on:1292
44 72 72 72 72 72 73 73 73 74 
time on:1296
44 72 73 72 72 73 72 73 74 74 
time on:1300
44 73 73 73 73 74 74 75 75 75 
time on:1292
44 79 79 79 79 80 80 81 81 81 
time on:1300
46 85 85 85 85 86 87 88 88 88 
time on:1300
46 87 87 87 87 88 89 90 90 90 
time on:1292
45 89 88 89 89 90 91 91 91 92 
time on:1296
45 88 88 89 89 90 91 91 92 92 
time on:1300
47 90 90 91 91 93 93 94 94 94 
time on:1292
44 88 89 89 89 90 91 92 92 92 
time on:1292
44 89 89 89 89 90 91 92 92 92 
time on:1300
46 88 87 88 88 89 90 91 91 91 
time on:1292
44 88 86 88 88 89 90 90 91 90 
time on:1292
44 87 87 87 88 89 89 90 90 90 
time on:1300
47 88 88 88 89 89 90 91 91 91 
time on:1292
44 88 88 88 88 89 90 91 91 91 
time on:1296
46 87 88 88 88 89 90 90 91 91 
time on:1300
46 86 87 87 87 88 89 90 90 90 
time on:1292
44 88 88 88 88 89 90 91 91 91 
time on:1296
46 87 86 87 87 88 89 89 90 89 
time on:1300
47 90 88 89 90 91 92 93 92 92 
time on:1292
44 89 89 89 89 90 91 90 92 92 
time on:1300
46 88 88 88 88 89 90 91 91 91 
time on:1300
46 87 87 88 88 89 90 90 90 90 
time on:1292
44 88 88 88 89 90 91 91 92 92 
time on:1296
45 88 88 89 89 90 91 92 91 91 
time on:1300
57 90 90 91 92 93 93 93 93 93 
time on:1292
48 89 89 90 91 92 91 92 92 92 
time on:1300
52 89 89 90 91 92 92 92 92 92 
time on:1300
52 88 88 90 91 92 92 91 92 92 
time on:1292
47 88 88 89 90 91 91 91 91 91 
time on:1300
52 88 88 89 90 91 91 91 91 91 
time on:1300
52 88 88 88 90 90 90 91 91 91 
time on:1300
48 88 88 89 90 91 91 91 90 91 
time on:1296
52 88 89 89 91 90 91 91 92 91 
time on:1300
54 88 88 89 90 91 91 91 91 91 
time on:1292
49 89 89 90 91 91 92 92 92 92 
time on:1292
49 87 87 89 90 91 90 91 90 90 
time on:1300
53 87 88 89 90 90 90 90 90 91 
time on:1292
48 88 88 88 90 91 91 91 91 91 
time on:1300
52 86 87 88 89 90 90 90 89 90 
time on:1300
52 87 87 88 89 90 89 90 89 90 
time on:1300
54 87 87 88 90 90 90 90 91 90 
time on:1292
49 88 88 89 90 91 92 90 91 91 
time on:1292
49 89 89 91 91 92 92 92 92 92 
time on:1292
48 89 89 90 91 93 93 92 93 92 
time on:1296
53 89 89 90 91 92 92 92 92 92 
time on:1300
56 89 90 91 92 92 93 93 93 93 
time on:1292
48 89 89 90 91 92 92 92 92 92 
time on:1296
54 89 89 90 91 92 92 92 92 92 
time on:1300
55 89 90 91 91 92 92 92 92 93 
time on:1292
48 89 90 91 91 93 92 93 93 92 
time on:1292
48 86 88 88 89 90 90 90 90 90 
time on:1300
53 86 86 86 87 89 89 89 89 88 
time on:1300
53 86 86 88 88 89 89 89 89 89 
time on:1292
48 86 86 87 88 89 89 89 89 89 
time on:1300
52 85 86 87 88 88 89 89 88 89 
time on:1292
47 84 85 86 87 87 88 88 88 88 
time on:1296
51 86 86 87 88 89 89 89 89 89 
time on:1300
53 86 87 87 88 88 89 89 89 89 
time on:1292
48 86 86 87 89 89 89 89 89 89 
time on:1296
52 87 88 88 89 90 90 90 90 90 
time on:1300
52 86 86 87 88 89 89 89 89 89 
time on:1292
48 86 87 88 89 89 90 90 90 90 
time on:1300
52 86 86 87 88 89 89 89 89 89 
time on:1300
52 85 86 86 87 88 88 88 88 88 
time on:1292
47 86 86 87 88 89 89 88 89 89 
time on:1304
51 86 86 87 88 88 88 89 88 89 
time on:1300
52 85 85 86 87 88 88 88 88 88 
time on:1292
47 85 86 86 87 88 88 88 88 88 
time on:1300
52 85 86 86 88 88 88 88 88 89 
time on:1300
52 86 86 87 88 88 88 89 89 89 
time on:1292
48 86 86 87 87 89 89 89 89 89 
time on:1300
51 85 86 86 87 87 88 88 88 87 
time on:1300
52 85 85 86 87 88 88 88 88 88 
time on:1292
48 85 86 87 88 88 88 88 89 89 
time on:1292
48 85 85 86 87 88 88 88 88 88 
time on:1300
52 85 86 86 87 88 88 88 88 88 
time on:1296
49 85 86 86 87 88 88 88 88 88 
time on:1292
48 85 85 86 87 88 88 88 88 88 
time on:1300
52 85 86 86 87 88 88 88 88 89 
time on:1292
47 86 86 87 88 89 89 89 89 89 
time on:1296
51 86 86 88 89 89 89 89 89 90 
time on:1300
53 87 88 89 90 90 90 90 91 91 
time on:1292
48 87 87 88 89 90 90 90 90 90 
time on:1300
53 88 88 90 91 91 91 91 90 91 
time on:1300
53 87 88 88 89 90 90 90 90 90 
time on:1300
54 87 87 89 89 90 90 90 90 91 
time on:1292
48 86 86 87 88 89 89 89 90 89 
time on:1300
53 89 89 90 91 91 91 92 92 92 
time on:1292
48 87 88 88 89 90 90 90 90 89 
time on:1292
49 88 88 89 90 90 91 91 91 91 
time on:1300
53 87 87 88 89 89 90 89 90 90 
time on:1292
48 86 86 87 88 89 89 89 89 89 
time on:1300
52 87 87 88 89 90 90 90 90 90 
time on:1300
52 88 88 89 89 90 91 91 91 91 
time on:1292
47 87 87 88 89 90 90 90 90 90 
time on:1300
52 87 87 88 89 90 90 90 91 90 
time on:1300
53 88 88 89 90 91 91 91 91 90 
time on:1292
48 88 88 89 90 91 90 90 91 91 
time on:1292
48 87 88 88 89 90 90 90 90 90 
time on:1308
52 87 88 88 89 90 90 90 90 90 
time on:1292
48 88 88 89 90 91 91 91 91 91 
time on:1300
53 88 89 89 91 91 92 91 91 92 
time on:1300
53 88 89 89 90 91 91 91 91 91 
time on:1292
48 88 88 90 91 91 91 91 92 92 
time on:1304
52 88 88 89 90 91 91 91 91 91 
time on:1300
53 88 88 89 90 91 91 91 91 91 
time on:1292
48 87 87 88 89 89 90 90 90 90 
time on:1300
51 86 85 87 87 88 88 89 88 88 
time on:1300
52 86 86 87 88 89 89 89 90 89 
time on:1292
47 87 87 88 89 90 90 90 90 91 
time on:1300
51 87 87 88 89 90 90 90 90 90 
time on:1300
52 87 87 88 89 90 90 90 90 90 
time on:1292
47 87 87 88 89 89 89 89 90 90 
time on:1292
48 86 87 88 88 89 89 89 90 89 
time on:1300
51 85 86 86 88 88 88 88 88 88 
time on:1292
47 85 85 87 88 88 88 88 89 88 
time on:1300
50 85 85 86 87 88 88 88 87 88 
time on:1300
50 85 86 87 87 88 88 88 88 89 
time on:1292
46 85 86 87 87 88 89 89 89 89 
time on:1300
51 86 87 87 89 89 89 90 90 90 
time on:1296
48 86 87 88 88 89 90 89 90 89 
time on:1292
47 87 88 89 90 91 91 91 91 91 
time on:1300
51 87 88 89 90 90 91 91 91 91 
time on:1300
52 88 88 89 90 90 91 91 91 91 
time on:1292
47 88 88 89 90 91 92 92 91 91 
time on:1296
52 88 89 90 91 92 92 92 92 92 
time on:1300
52 89 89 90 91 91 92 91 92 92 
time on:1292
47 88 88 88 90 91 91 91 91 91 
time on:1300
46 88 88 88 89 90 91 91 91 91 
time on:1300
46 90 89 90 90 91 92 92 92 93 
time on:1300
47 90 90 90 91 92 92 93 93 93 
time on:1292
45 91 91 92 92 93 94 95 95 95 
time on:1296
45 90 90 90 90 92 92 93 93 93 
time on:1304
45 89 89 89 90 91 91 92 92 92 
time on:1296
45 87 86 88 88 89 90 90 90 90 
time on:1292
44 86 86 86 86 87 88 89 89 89 
time on:1292
44 85 85 85 86 86 87 88 88 88 
time on:1292
44 82 83 83 83 83 84 85 85 85 
time on:1308
44 74 74 74 74 74 75 76 76 76 
time on:1292
44 72 73 73 73 73 73 74 74 74 
time on:1300
44 72 72 72 72 73 73 74 73 74 
time on:1300
44 71 72 72 72 72 72 73 72 74 
time on:1292
44 71 71 72 72 71 72 72 73 73 
time on:1300
44 72 72 72 72 72 72 73 73 74 
time on:1300
44 72 73 73 73 73 73 74 74 75 
time on:1292
44 78 78 78 78 78 79 80 80 80 
time on:1300
45 84 84 84 85 86 86 87 88 87 
time on:1300
46 86 87 87 87 88 89 90 90 90 
time on:1292
44 88 88 89 89 90 91 92 92 92 
time on:1292
44 87 88 88 88 89 90 91 91 91 
time on:1300
46 89 89 90 90 92 91 93 93 93 
time on:1292
44 89 90 90 90 91 92 92 93 93 
time on:1292
45 88 88 88 88 90 91 91 92 92 
time on:1300
46 88 88 88 88 89 91 91 90 91 
time on:1296
45 88 86 87 88 89 90 90 89 89 
time on:1292
45 87 87 87 88 89 89 90 90 90 
time on:1300
46 89 88 88 89 90 91 91 91 92 
time on:1292
44 87 88 88 88 89 90 91 91 91 
time on:1296
46 87 87 87 87 88 89 90 90 90 
time on:1300
46 87 87 87 87 88 89 90 90 90 
time on:1292
44 87 88 88 89 90 91 91 91 92 
time on:1296
46 87 87 87 87 88 90 90 90 90 
time on:1300
46 87 88 89 89 90 91 91 92 92 
time on:1292
44 89 88 89 89 90 91 92 92 92 
time on:1296
46 88 88 88 89 89 91 91 91 91 
time on:1300
46 87 87 87 87 88 89 90 90 90 
time on:1292
44 87 88 88 88 89 90 90 91 91 
time on:1300
45 88 88 88 89 89 90 90 91 89 
time on:1300
46 89 89 89 89 90 91 92 92 92 
time on:1292
44 88 88 88 88 89 91 91 90 91 
time on:1300
46 88 88 88 88 89 91 91 91 91 
time on:1300
46 88 88 88 88 89 91 91 91 91 
time on:1300
44 87 87 88 88 89 90 91 91 91 
time on:1296
46 88 88 88 89 90 90 91 91 91 
time on:1300
46 87 87 87 87 88 88 90 90 90 
time on:1292
44 87 87 86 87 88 89 90 89 90 
time on:1292
44 88 88 88 88 89 90 91 91 90 
time on:1300
46 87 87 87 88 89 89 90 90 90 
time on:1300
46 87 87 87 87 88 89 89 90 90 
time on:1292
44 86 87 87 87 87 89 90 90 90 
time on:1300
45 87 87 88 88 89 89 90 91 90 
time on:1300
46 87 86 87 87 88 89 90 90 90 
time on:1292
44 85 86 86 87 87 88 89 89 89 
time on:1292
44 86 86 87 86 88 89 89 89 89 
time on:1292
44 86 87 87 88 88 89 90 90 90 
time on:1300
46 87 88 88 88 89 90 90 91 91 
time on:1300
46 88 87 88 88 89 90 91 91 91 
time on:1292
44 88 88 88 89 90 91 91 92 92 
time on:1296
46 88 87 88 88 89 90 91 91 91 
time on:1300
46 89 88 89 89 91 92 92 92 92 
time on:1292
44 88 88 88 89 90 90 91 91 91 
time on:1292
44 88 88 88 89 90 90 91 91 91 
time on:1300
46 88 89 88 89 89 91 91 92 92 
time on:1292
44 89 89 89 89 91 92 92 93 93 
time on:1296
45 86 86 86 87 87 89 90 89 89 
time on:1300
45 85 85 85 85 86 87 88 87 88 
time on:1292
44 85 86 85 86 87 88 88 88 88 
time on:1296
45 85 85 85 85 86 86 87 88 88 
time on:1300
45 84 84 85 85 85 86 87 87 87 
time on:1292
44 85 85 84 85 86 87 88 88 88 
time on:1300
45 85 85 85 85 85 87 88 88 87 
time on:1300
45 84 85 85 85 85 87 88 88 88 
time on:1292
43 84 85 85 85 86 87 88 88 88 
time on:1300
45 86 86 86 87 88 88 89 89 90 
time on:1300
46 85 85 85 85 86 88 88 88 88 
time on:1292
44 86 86 86 86 87 88 88 89 89 
time on:1308
44 84 85 85 85 86 87 88 88 88 
time on:1300
45 84 85 85 85 86 87 88 88 88 
time on:1300
45 85 85 84 85 86 87 87 88 88 
time on:1292
44 84 85 85 86 86 87 88 88 88 
time on:1296
44 84 84 84 84 85 86 87 87 87 
time on:1296
44 84 84 85 85 86 87 87 87 88 
time on:1292
44 85 85 85 85 86 87 87 88 88 
time on:1300
46 84 85 85 85 86 87 88 88 87 
time on:1292
44 85 85 85 85 86 86 88 88 88 
time on:1292
44 84 84 84 85 86 86 87 87 87 
time on:1300
45 84 84 84 85 85 86 87 87 87 
time on:1292
44 84 84 84 85 86 87 87 88 87 
time on:1292
44 84 85 85 85 86 86 87 88 87 
time on:1300
45 84 84 84 84 86 86 87 87 87 
time on:1300
50 85 85 85 86 87 88 88 88 88 
time on:1292
48 84 86 86 87 87 88 88 87 88 
time on:1300
52 85 86 87 87 88 88 88 88 88 
time on:1292
47 85 86 86 87 88 88 89 88 88 
time on:1296
51 87 88 89 90 90 91 90 90 91 
time on:1300
52 87 87 88 89 89 90 90 90 90 
time on:1292
48 87 87 88 89 90 90 90 90 90 
time on:1292
48 88 89 89 90 91 91 91 91 91 
time on:1300
53 87 88 89 89 90 90 90 90 90 
time on:1292
47 87 88 88 89 90 90 90 90 90 
time on:1296
51 86 86 87 88 89 89 89 89 89 
time on:1300
52 88 88 88 90 90 90 91 91 91 
time on:1300
52 87 87 87 89 90 90 90 89 90 
time on:1292
47 87 87 88 89 90 90 90 90 90 
time on:1300
52 87 87 88 89 90 90 90 90 90 
time on:1300
53 86 86 87 88 89 89 89 89 89 
time on:1292
48 87 87 88 89 89 90 90 89 90 
time on:1300
55 87 88 89 90 91 91 91 91 89 
time on:1292
48 87 88 89 90 90 90 91 90 90 
time on:1292
49 87 88 89 90 90 90 91 90 91 
time on:1308
53 88 88 89 90 90 91 91 91 91 
time on:1292
48 87 88 89 89 91 90 91 91 91 
time on:1296
52 88 88 89 90 90 90 91 91 91 
time on:1300
53 87 88 88 89 90 90 90 90 90 
time on:1292
48 87 88 88 89 90 90 90 90 90 
time on:1300
52 87 88 89 89 90 89 90 91 90 
time on:1300
53 88 89 89 90 91 91 91 91 91 
time on:1292
47 88 88 89 90 91 91 91 91 91 
time on:1300
52 88 89 90 91 91 92 92 91 91 
time on:1300
54 88 88 89 90 91 91 91 90 91 
time on:1292
48 88 88 89 90 90 91 91 91 91 
time on:1296
51 86 86 87 88 88 89 89 89 89 
time on:1300
51 86 86 87 88 88 89 89 89 89 
time on:1292
47 87 87 88 88 89 89 89 90 90 
time on:1292
48 87 88 89 90 90 90 91 91 91 
time on:1300
53 87 87 88 89 89 90 90 90 90 
time on:1292
47 87 87 88 89 90 90 90 90 90 
time on:1296
50 86 86 88 88 89 89 89 89 89 
time on:1300
51 86 86 87 88 88 89 89 89 89 
time on:1292
47 86 86 86 87 88 88 88 88 88 
time on:1300
51 85 86 86 87 87 88 88 88 88 
time on:1296
48 84 85 85 87 87 87 88 88 87 
time on:1292
47 85 86 87 88 88 88 89 89 89 
time on:1296
51 86 86 87 88 89 89 90 90 89 
time on:1300
52 86 87 88 89 89 89 89 90 89 
time on:1292
47 87 88 88 89 90 90 90 90 90 
time on:1296
52 88 88 89 90 91 91 91 91 91 
time on:1300
54 88 88 89 90 90 91 91 91 91 
time on:1292
48 88 88 89 90 91 91 90 91 91 
time on:1296
53 89 88 91 91 92 92 92 92 92 
time on:1300
53 89 89 91 91 92 92 92 92 92 
time on:1292
47 88 88 89 91 91 91 91 91 92 
time on:1300
52 88 89 90 91 91 92 92 91 91 
time on:1300
46 87 87 87 88 89 90 90 91 91 
time on:1300
44 88 88 89 90 90 91 92 92 92 
time on:1296
46 91 91 91 92 93 94 95 95 94 
time on:1300
47 90 91 91 92 93 93 94 94 94 
time on:1292
44 90 90 91 91 92 93 92 94 94 
time on:1292
44 89 89 89 89 90 91 92 92 92 
time on:1300
46 86 86 86 87 88 89 89 90 88 
time on:1292
44 85 85 85 85 86 87 88 88 88 
time on:1296
45 84 84 84 84 85 86 87 87 87 
time on:1300
44 77 78 78 78 78 79 80 80 80 
time on:1292
44 72 73 73 73 73 73 74 75 75 
time on:1296
44 72 72 72 73 73 73 73 74 74 
time on:1300
44 72 72 72 72 72 72 72 73 74 
time on:1292
44 72 72 72 72 72 72 73 73 73 
time on:1300
44 71 71 72 72 72 72 73 73 73 
time on:1300
44 72 72 72 72 73 73 73 74 74 
time on:1292
43 74 74 74 74 75 75 75 75 76 
time on:1296
45 82 82 82 82 83 84 84 85 85 
time on:1300
46 86 86 86 87 87 89 89 89 89 
time on:1292
44 88 89 89 89 90 91 92 92 92 
time on:1292
45 87 88 88 88 89 90 91 91 91 
time on:1300
46 89 89 89 89 91 91 92 92 92 
time on:1296
45 90 91 91 91 92 93 94 94 94 
time on:1292
44 87 88 88 89 89 91 92 92 92 
time on:1300
47 89 89 90 90 91 92 92 93 93 
time on:1292
44 88 88 87 88 89 90 91 91 91 
time on:1300
46 88 88 88 89 90 91 91 91 91 
time on:1300
46 88 88 88 88 89 90 91 91 91 
time on:1292
44 88 88 88 88 90 90 91 91 91 
time on:1300
45 88 88 88 89 90 91 91 92 92 
time on:1300
46 87 87 87 88 89 90 90 90 90 
time on:1292
44 87 88 88 88 89 90 90 91 90 
time on:1296
45 87 87 87 88 89 90 90 90 90 
time on:1300
46 88 88 87 88 89 90 91 91 91 
time on:1292
45 89 89 89 90 91 92 92 92 93 
time on:1300
46 89 89 89 90 90 91 92 92 92 
time on:1300
46 88 88 88 88 88 90 91 91 91 
time on:1292
44 88 88 88 88 89 90 91 91 91 
time on:1300
46 88 88 88 89 89 91 90 91 91 
time on:1300
47 89 89 89 89 91 91 92 92 92 
time on:1300
44 88 89 88 88 90 90 91 91 92 
time on:1292
45 89 89 88 89 90 91 92 92 92 
time on:1300
46 87 88 88 88 89 91 91 91 91 
time on:1292
44 88 88 88 89 90 91 91 91 91 
time on:1292
44 87 87 88 88 88 90 90 90 91 
time on:1300
46 87 87 88 88 89 90 90 91 91 
time on:1300
47 88 87 87 88 89 90 90 90 90 
time on:1292
44 87 88 88 88 89 90 90 91 91 
time on:1300
47 88 88 88 88 89 91 91 91 91 
