.time on:2452
0 0 0 0 0 0 0 0 0 0 
time on:1296
64 101 102 104 106 106 106 106 106 106 
time on:1296
64 101 102 104 106 106 106 106 106 106 
time on:1292
59 101 102 104 106 106 106 106 106 106 
time on:1296
65 101 102 104 106 106 106 106 106 106 
time on:1296
64 101 102 104 106 106 106 106 106 106 
time on:1292
57 101 102 104 106 106 106 106 106 106 
time on:1296
63 101 102 104 106 106 106 106 106 106 
time on:1292
57 101 102 104 106 106 106 106 106 106 
time on:1300
67 100 102 104 106 106 106 106 106 106 
time on:1296
66 101 102 104 106 106 106 106 106 106 
time on:1304
64 101 102 104 106 106 106 106 106 105 
time on:1296
64 101 102 104 106 106 106 106 106 106 
time on:1296
65 101 102 104 106 106 106 106 106 106 
time on:1296
64 101 102 104 106 106 106 106 106 106 
time on:1292
57 101 102 104 106 106 106 106 106 106 
time on:1296
64 101 102 104 106 106 106 105 106 106 
time on:1296
64 101 102 104 106 106 106 106 106 106 
time on:1296
61 101 102 104 106 106 106 106 106 106 
time on:1292
57 101 102 104 106 106 106 106 106 107 
time on:1296
62 101 102 104 106 106 106 106 106 106 
time on:1300
68 101 102 104 106 106 106 106 106 106 
time on:1296
64 101 102 104 106 106 106 106 106 106 
time on:1292
58 101 102 104 106 106 106 106 106 106 
time on:1300
67 101 102 104 106 106 106 106 106 106 
time on:1300
66 101 102 104 105 106 106 106 106 106 
time on:1296
64 101 102 104 106 106 106 106 106 106 
time on:1296
63 101 102 104 106 106 106 106 106 106 
time on:1296
64 101 102 104 106 106 106 106 106 106 
time on:1296
62 101 102 104 106 106 106 106 106 106 
time on:1292
57 101 102 104 106 106 106 106 106 106 
time on:1296
64 101 102 104 105 106 106 106 106 106 
time on:1296
64 101 102 104 105 106 106 106 106 106 
time on:1292
59 101 102 104 106 106 106 106 106 106 
time on:1296
64 101 102 104 105 106 106 106 106 106 
time on:1296
64 101 102 104 106 106 106 106 106 106 
time on:1296
64 101 102 104 106 106 106 106 106 106 
time on:1296
62 101 102 104 106 106 106 106 106 106 
time on:1292
57 101 102 104 105 106 106 106 106 106 
time on:1296
64 101 102 104 106 106 106 106 106 106 
time on:1292
57 101 102 104 106 106 106 106 106 106 
time on:1304
63 101 102 104 105 106 106 106 106 106 
time on:1296
61 101 102 104 106 106 106 106 106 106 
time on:1296
62 101 102 104 106 106 106 106 106 106 
time on:1296
61 101 102 104 106 106 106 106 106 106 
time on:1300
68 102 103 105 106 106 107 107 107 107 
time on:1296
65 101 102 104 106 106 106 106 106 106 
time on:1292
60 101 102 104 105 106 105 106 106 106 
time on:1296
62 100 101 103 105 105 105 105 105 105 
time on:1296
64 101 102 104 106 106 106 106 106 106 
time on:1292
58 101 102 104 106 106 106 106 106 106 
time on:1296
65 100 102 104 106 106 106 106 106 106 
time on:1296
64 101 102 104 106 106 106 106 106 106 
time on:1292
57 101 102 104 106 106 106 106 106 106 
time on:1296
63 101 102 104 106 106 106 106 106 106 
time on:1292
57 101 102 104 106 106 106 106 106 106 
time on:1300
67 101 102 104 106 106 106 106 106 106 
time on:1296
66 101 102 104 106 106 106 106 106 106 
time on:1304
64 101 102 104 106 106 106 106 106 106 
time on:1296
64 101 102 105 106 106 106 106 106 106 
time on:1296
65 101 102 104 106 106 106 106 106 106 
time on:1296
64 101 102 105 106