.time on:2452
0 0 0 0 0 0 0 0 0 0 
time on:1296
82 123 126 130 131 131 131 131 131 131 
time on:1296
89 129 133 137 137 138 137 138 138 138 
time on:1292
79 130 134 137 138 138 138 138 138 139 
time on:1296
86 124 128 131 131 132 132 132 132 132 
time on:1296
90 131 136 139 140 140 140 140 140 140 
time on:1292
73 126 130 133 134 134 134 134 134 134 
time on:1296
91 134 139 142 142 142 142 142 142 142 
time on:1292
73 125 129 132 133 132 132 132 132 132 
time on:1300
95 131 135 139 139 140 140 140 140 140 
time on:1296
88 126 129 133 134 134 134 134 134 134 
time on:1304
85 125 128 131 132 132 131 131 131 131 
time on:1296
83 124 128 131 132 132 132 132 132 133 
time on:1296
86 124 128 131 132 132 132 132 132 133 
time on:1296
82 123 125 129 130 130 130 130 130 130 
time on:1292
76 129 133 136 137 137 137 137 137 137 
time on:1296
82 123 126 129 130 130 130 130 130 131 
time on:1296
89 129 132 135 136 136 136 136 136 136 
time on:1296
78 124 127 130 131 131 131 131 131 131 
time on:1292
75 128 132 135 135 136 135 136 136 135 
time on:1296
84 127 129 133 133 133 133 132 132 132 
time on:1300
96 129 133 136 136 136 136 135 135 135 
time on:1296
84 125 128 132 132 132 132 133 132 133 
time on:1292
72 122 125 129 129 130 130 130 130 130 
time on:1300
94 129 134 137 138 138 138 138 139 139 
time on:1300
87 123 126 129 129 130 130 131 131 131 
time on:1296
90 131 135 138 139 139 139 139 139 139 
time on:1296
84 127 131 134 135 135 135 135 136 136 
time on:1296
86 126 129 132 133 134 134 134 134 135 
time on:1296
85 128 131 134 134 134 134 134 134 134 
time on:1292
74 127 130 133 134 135 135 135 135 136 
time on:1296
85 126 130 133 134 134 135 135 135 135 
time on:1296
87 126 130 133 133 134 134 134 134 134 
time on:1292
76 124 127 130 131 131 132 132 132 132 
time on:1296
88 128 132 135 136 136 136 136 136 136 
time on:1296
85 126 129 133 134 133 134 134 134 134 
time on:1296
88 129 133 136 137 138 138 138 138 139 
time on:1296
80 123 126 129 130 130 130 130 130 130 
time on:1292
75 128 132 136 137 137 138 138 138 138 
time on:1296
90 130 134 137 137 137 136 136 136 136 
time on:1292
72 124 128 131 131 131 131 131 132 132 
time on:1304
88 130 134 137 138 137 137 137 137 136 
time on:1296
83 126 129 132 133 133 133 133 133 133 
time on:1296
84 127 130 134 134 134 134 134 134 134 
time on:1296
84 130 134 137 138 139 139 140 140 140 
time on:1300
96 132 136 139 140 139 139 139 138 138 
time on:1296
89 127 130 134 134 134 134 134 134 134 
time on:1292
81 128 131 134 134 134 134 134 134 134 
time on:1296
86 129 132 136 136 136 135 135 135 135 
time on:1296
85 125 128 131 132 132 132 132 132 132 
time on:1292
75 125 128 132 133 133 133 133 133 134 
time on:1296
88 128 131 134 135 135 136 136 136 136 
time on:1296
81 122 124 128 128 129 129 129 129 129 
time on:1292
77 131 134 138 138 138 139 138 138 138 
time on:1296
84 126 130 134 134 134 134 134 134 134 
time on:1292
74 128 130 134 135 135 135 136 136 136 
time on:1300
89 125 128 131 132 132 131 131 132 132 
time on:1296
86 124 128 130 131 131 131 131 131 131 
time on:1304
84 124 128 131 131 131 131 130 130 130 
time on:1296
88 129 133 136 136 136 136 136 136 136 
time on:1296
84 123 126 130 131 131 131 132 132 132 
time on:1296
87 128 132 134 135 134 134 134 134 134 
time on:1292
74 127 130 133 134 134 134 134 134 134 
time on:1296
82 123 126 129 130 131 130 130 131 131 
time on:1296
87 126 130 133 133 134 133 134 134 134 
time on:1296
81 126 130 133 134 133 133 133 133 133 
time on:1292
72 123 126 130 130 130 130 130 130 130 
time on:1296
83 125 129 132 133 133 133 133 133 133 
time on:1300
91 125 128 131 132 132 132 132 132 132 
time on:1296
85 126 130 133 134 134 134 133 134 134 
time on:1292
72 123 126 129 130 130 130 130 130 130 
time on:1300
88 124 126 130 130 131 130 131 131 131 
