.time on:2452
0 0 0 0 0 0 0 0 0 0 
time on:1296
43 42 43 44 44 42 43 43 43 43 
time on:1292
0 0 0 0 0 0 0 0 0 0 
time on:1292
42 43 43 43 44 44 44 44 44 44 
time on:1292
42 44 44 45 45 44 45 45 45 45 
time on:1292
43 43 43 43 43 43 43 43 43 43 
time on:1300
43 44 45 46 46 46 46 46 46 46 
time on:1300
43 44 44 45 45 45 45 45 45 45 
time on:1292
43 44 44 45 45 45 45 45 45 45 
time on:1300
43 44 44 45 45 45 45 45 45 45 
time on:1292
43 44 45 45 45 45 45 45 45 45 
time on:1300
43 44 44 45 45 45 45 46 45 45 
time on:1292
43 44 44 45 45 45 45 45 45 45 
time on:1292
43 44 45 45 46 46 46 46 45 45 
time on:1300
43 45 46 46 46 46 46 46 46 47 
time on:1300
43 45 46 47 47 47 47 47 46 47 
time on:1292
43 45 46 47 47 47 47 47 47 47 
time on:1296
44 45 48 48 47 47 48 48 48 47 
time on:1300
44 50 51 51 51 51 52 52 51 51 
time on:1292
45 64 64 64 64 64 64 65 65 65 
time on:1292
994 994 994 994 994 995 994 994 994 994 
time on:1292
988 988 989 989 988 989 989 989 989 989 
time on:1300
995 995 995 995 995 994 995 995 995 995 
time on:1292
995 995 995 995 994 994 994 994 994 994 
time on:1292
994 994 994 994 994 993 994 993 994 994 
time on:1300
96 128 131 133 134 134 133 133 133 132 
time on:1296
43 44 44 44 44 44 44 44 45 44 
time on:1300
42 43 44 44 44 44 44 44 44 44 
time on:1300
43 44 44 44 44 44 44 44 44 44 
time on:1292
43 44 44 44 44 44 44 44 44 44 
time on:1300
43 44 44 44 44 44 45 45 44 45 
time on:1292
45 67 67 67 68 68 69 68 68 69 
time on:1296
52 81 81 82 82 83 83 84 83 83 
time on:1300
86 117 121 124 124 123 124 124 124 125 
time on:1296
43 44 44 44 45 45 45 45 45 45 
time on:1304
43 44 45 46 46 46 46 46 45 46 
time on:1296
43 44 44 45 45 45 45 45 45 44 
time on:1300
43 44 44 44 44 44 45 45 45 45 
time on:1300
43 43 44 44 44 44 45 44 45 45 
time on:1292
43 44 44 44 44 45 44 45 45 44 
time on:1296
43 43 44 44 44 44 44 44 44 44 
time on:1300
43 44 44 44 44 44 44 44 44 44 
time on:1300
43 44 44 44 44 44 44 44 44 45 
time on:1292
42 43 44 44 44 44 44 45 44 45 
time on:1292
43 44 44 44 44 44 44 44 44 44 
time on:1296
44 43 44 44 44 44 44 45 44 44 
time on:1292
43 44 44 44 44 45 44 44 45 44 
time on:1300
43 44 44 44 44 45 45 44 45 44 
time on:1292
43 44 43 42 45 43 44 46 45 45 
time on:1292
43 44 44 44 44 44 45 45 45 45 
time on:1300
44 44 44 44 44 44 44 44 45 44 
time on:1296
43 44 44 44 44 44 44 45 44 45 
time on:1292
44 44 44 44 44 44 44 44 44 45 
time on:1300
44 44 44 44 44 44 45 45 45 44 
time on:1292
43 44 44 44 44 45 44 45 45 44 
time on:1296
43 44 44 44 44 44 45 45 45 45 
time on:1300
43 44 44 45 45 44 45 45 45 45 
time on:1292
44 44 44 44 44 44 45 45 44 45 
time on:1300
43 44 44 44 44 44 45 45 45 45 
time on:1300
43 44 44 44 44 44 44 45 45 44 
time on:1292
44 45 45 45 45 45 45 45 46 45 
time on:1296
43 44 44 44 44 44 44 44 44 44 
time on:1300
43 43 44 44 44 44 44 44 44 44 
time on:1292
42 43 43 44 44 44 44 44 44 44 
time on:1300
42 43 43 44 43 44 45 44 44 44 
time on:1300
44 44 44 44 45 45 45 45 45 45 
time on:1292
43 44 44 44 44 44 45 45 44 44 
time on:1300
42 43 43 43 43 43 44 43 44 44 
time on:1300
42 43 43 43 44 44 44 44 44 44 
time on:1300
42 43 43 43 44 44 44 44 44 44 
time on:1300
42 42 43 43 43 44 44 44 44 44 
time on:1300
42 43 43 43 43 43 43 43 44 44 
time on:1292
43 43 43 44 44 44 44 44 44 44 
time on:1292
43 43 43 43 43 43 44 44 44 44 
time on:1300
42 43 43 43 43 43 43 44 44 44 
time on:1292
42 43 43 43 43 43 44 43 44 44 
time on:1296
42 43 43 44 44 44 44 44 44 44 
time on:1300
42 43 43 43 44 44 43 44 43 43 
time on:1292
42 43 43 43 44 44 43 44 44 44 
time on:1300
42 43 43 43 44 44 44 44 44 44 
time on:1292
42 42 43 42 44 45 45 44 44 44 
time on:1292
42 43 43 43 42 43 42 43 43 43 
time on:1300
42 42 42 43 43 43 43 42 43 42 
time on:1300
43 42 42 42 43 42 42 43 43 44 
time on:1292
42 42 43 42 43 43 42 42 42 43 
time on:1296
42 44 44 44 45 45 45 45 45 45 
time on:1300
43 44 44 45 45 45 45 45 45 45 
time on:1292
42 43 42 42 43 42 42 43 42 42 
time on:1292
42 43 42 42 42 42 42 42 43 43 
time on:1300
42 42 42 42 42 42 42 42 42 42 
time on:1292
42 43 44 44 44 44 44 44 44 44 
time on:1296
43 43 44 45 45 45 45 45 45 45 
time on:1300
41 43 42 43 42 42 42 42 42 43 
time on:1292
43 45 46 47 47 46 47 47 46 46 
time on:1296
42 43 43 43 43 42 42 42 42 42 
time on:1300
44 46 47 46 46 47 46 46 46 46 
time on:1292
43 45 46 47 46 46 46 46 45 46 
time on:1300
43 44 45 46 46 46 46 46 46 46 
time on:1300
42 44 45 45 45 45 46 46 46 45 
time on:1292
43 44 45 46 46 46 46 46 46 45 
time on:1296
43 44 44 44 45 44 45 45 45 44 
time on:1300
43 44 45 45 45 45 45 45 45 45 
time on:1292
43 44 45 45 45 45 46 46 45 45 
time on:1304
43 45 45 45 46 46 46 46 46 46 
time on:1300
43 45 46 46 47 46 46 46 46 46 
time on:1292
45 50 50 51 51 51 51 51 50 51 
time on:1296
45 50 50 50 50 51 50 50 50 50 
time on:1300
43 46 47 47 47 47 47 47 47 47 
time on:1292
44 44 46 46 46 46 46 46 46 46 
time on:1296
43 44 45 45 45 46 45 46 45 45 
time on:1300
43 44 44 45 45 45 45 45 45 45 
time on:1292
43 44 44 45 45 45 45 45 45 45 
time on:1292
43 44 44 44 45 45 45 45 45 45 
time on:1300
43 44 44 45 45 45 45 44 45 45 
time on:1292
43 43 44 44 45 45 45 45 45 45 
time on:1292
43 44 44 45 45 45 45 45 45 45 
time on:1300
43 44 44 45 45 45 45 45 45 45 
time on:1300
43 44 44 44 45 45 45 45 45 45 
time on:1292
43 44 44 45 45 45 45 45 45 45 
time on:1300
43 44 44 45 45 45 45 45 45 45 
time on:1292
43 43 46 45 45 45 45 46 44 45 
time on:1300
43 45 45 46 46 46 46 46 46 45 
time on:1300
43 45 46 46 46 46 46 46 46 46 
time on:1292
44 46 47 47 47 47 47 47 47 47 
time on:1292
44 48 48 48 48 48 49 48 48 48 
time on:1300
44 48 49 49 48 49 49 49 49 49 
time on:1292
45 49 50 50 50 50 50 50 50 50 
time on:1296
48 55 55 55 55 55 54 55 56 55 
time on:1300
48 52 53 54 57 54 54 54 54 54 
time on:1300
47 53 53 53 53 53 52 53 53 53 
time on:1292
45 50 50 50 50 50 50 50 50 50 
time on:1300
44 47 48 48 48 48 48 48 48 48 
time on:1292
43 47 47 48 47 48 48 48 48 47 
time on:1296
45 50 51 51 51 51 51 51 51 51 
time on:1300
47 53 52 53 53 52 53 52 53 53 
time on:1292
46 53 53 53 53 53 53 53 53 53 
time on:1292
45 50 50 51 50 51 50 51 50 50 
time on:1308
47 53 53 53 53 53 53 53 53 53 
time on:1292
47 54 54 55 54 54 54 54 55 54 
time on:1300
49 56 56 56 56 56 56 56 56 56 
time on:1300
46 51 52 52 52 52 52 52 52 52 
time on:1292
44 47 48 48 48 48 48 48 48 48 
time on:1296
45 49 50 49 49 50 50 50 50 50 
time on:1300
44 48 49 49 48 49 49 49 49 49 
time on:1292
44 46 48 48 48 48 48 48 48 48 
time on:1296
44 49 49 50 50 50 50 50 50 50 
time on:1300
43 43 43 43 43 43 43 43 43 43 
time on:1292
45 48 50 43 43 43 43 43 43 43 
time on:1300
43 43 43 43 43 43 43 43 43 43 
time on:1300
43 43 43 43 43 43 43 43 43 43 
time on:1292
45 51 52 52 52 52 52 51 52 52 
time on:1292
43 43 43 44 44 43 43 43 44 43 
time on:1300
44 44 43 44 44 44 43 43 44 44 
time on:1292
46 57 57 57 57 58 57 57 58 58 
time on:1300
39 40 40 39 41 42 42 41 41 38 
time on:1300
0 0 0 0 0 0 0 0 0 0 
time on:1296
0 0 0 0 0 0 0 0 0 0 
time on:1296
0 0 0 0 0 0 0 0 0 0 
time on:1292
43 44 45 45 45 45 46 46 46 46 
time on:1296
47 53 53 53 53 53 53 53 53 53 
time on:1300
52 59 59 60 59 59 59 59 59 59 
time on:1292
91 98 99 99 99 99 99 99 98 98 
time on:1296
87 93 93 93 93 93 93 94 93 93 
time on:1300
86 92 92 92 92 92 92 92 92 91 
time on:1292
80 89 89 89 89 89 89 89 89 89 
time on:1292
80 89 88 88 89 89 88 89 89 89 
time on:1300
71 77 78 78 77 78 78 77 78 78 
time on:1292
48 55 55 56 55 55 55 55 55 56 
time on:1296
44 46 47 47 47 47 47 47 47 46 
time on:1300
44 49 58 43 43 57 51 44 54 51 
time on:1292
43 47 49 49 49 49 50 49 49 49 
time on:1296
43 44 44 44 44 44 45 45 44 45 
time on:1300
43 44 44 44 45 45 45 45 45 45 
time on:1300
44 44 44 44 44 44 44 44 44 44 
time on:1292
43 43 43 43 44 44 44 44 44 43 
time on:1300
43 43 43 43 43 43 43 44 43 44 
time on:1292
42 42 42 43 43 42 43 42 43 43 
time on:1300
43 44 44 44 44 44 44 44 45 45 
time on:1300
39 40 41 42 42 42 42 43 43 43 
time on:1292
43 44 45 45 46 46 46 46 46 46 
time on:1308
43 43 43 44 44 44 44 44 44 43 
time on:1300
43 43 44 44 44 44 44 44 45 44 
time on:1292
43 44 44 44 44 45 45 45 45 44 
time on:1296
43 44 44 44 44 44 45 44 44 45 
time on:1300
42 43 43 44 44 44 44 45 44 45 
time on:1300
43 43 43 43 43 43 43 43 43 43 
time on:1292
43 44 44 44 44 43 43 43 43 43 
time on:1300
43 43 43 43 43 43 43 43 43 43 
time on:1292
43 43 43 43 43 44 44 43 44 44 
time on:1292
43 44 44 45 45 45 45 45 45 45 
time on:1300
56 62 63 63 62 63 63 63 63 63 
time on:1292
49 56 56 56 57 56 56 57 56 57 
time on:1292
42 43 43 43 43 43 43 43 43 43 
time on:1300
45 47 43 42 72 50 49 43 43 43 
time on:1292
46 43 43 179 65 52 52 56 50 45 
time on:1292
42 43 42 43 43 43 43 42 42 43 
time on:1292
43 44 43 43 43 46 45 44 44 44 
time on:1292
42 43 43 43 43 43 43 43 43 43 
time on:1300
42 43 43 43 42 43 43 42 43 43 
time on:1300
42 42 42 42 43 43 43 43 43 43 
time on:1292
42 43 43 43 43 43 42 43 43 43 
time on:1296
43 43 43 42 43 43 43 43 43 43 
time on:1300
42 43 43 43 43 43 43 42 43 43 
time on:1292
42 43 43 43 43 43 43 43 43 43 
time on:1300
42 42 42 42 43 42 43 43 42 42 
time on:1300
42 43 43 43 42 43 43 43 43 43 
time on:1292
42 42 42 43 43 43 43 43 43 42 
time on:1300
42 43 43 43 43 43 43 43 43 43 
time on:1300
43 43 43 43 43 43 43 43 43 43 
time on:1292
42 43 43 43 42 43 43 43 43 43 
time on:1300
42 42 43 43 43 43 43 43 42 43 
time on:1300
43 43 43 43 43 43 43 43 44 43 
time on:1292
42 43 43 43 43 43 43 43 43 43 
time on:1292
42 43 43 42 43 43 43 43 43 43 
time on:1308
42 43 43 43 43 43 43 43 43 43 
time on:1292
42 43 43 43 43 42 43 43 43 42 
time on:1300
42 43 43 43 43 43 43 43 43 43 
time on:1300
42 43 44 43 43 43 43 43 43 43 
time on:1292
42 43 43 43 43 43 43 43 43 42 
time on:1300
42 43 43 42 43 43 43 42 43 42 
time on:1300
42 43 43 43 43 43 43 43 43 43 
time on:1292
43 43 43 42 42 42 43 43 42 43 
time on:1296
42 43 43 42 43 42 43 43 43 43 
time on:1300
42 43 42 43 43 42 43 43 43 43 
time on:1292
43 43 42 43 43 42 43 43 43 42 
time on:1292
42 42 42 43 42 43 42 42 43 43 
time on:1300
42 43 43 43 43 43 43 42 43 43 
time on:1292
42 43 43 43 42 43 43 43 43 43 
time on:1292
42 42 43 43 43 43 43 43 43 43 
time on:1300
42 43 43 43 43 43 43 43 43 43 
time on:1296
42 42 42 42 43 43 43 43 43 42 
time on:1292
42 43 43 42 43 43 43 43 42 43 
time on:1300
42 43 43 43 43 43 43 43 42 43 
time on:1292
42 43 43 43 43 43 43 43 43 43 
time on:1296
42 43 43 43 43 43 43 43 43 43 
time on:1300
42 43 42 43 43 43 43 43 43 43 
time on:1292
42 42 43 43 43 42 43 43 43 43 
time on:1296
42 43 43 43 42 43 43 43 43 43 
time on:1300
42 42 42 43 43 42 43 43 43 43 
time on:1292
42 43 43 43 43 43 43 43 43 43 
time on:1296
42 43 43 43 43 43 43 43 43 43 
time on:1300
42 43 43 43 43 43 42 43 43 43 
time on:1292
42 43 43 42 43 42 43 43 43 43 
time on:1296
42 43 43 43 43 43 43 42 43 43 
time on:1300
43 43 43 43 43 43 43 43 43 43 
time on:1292
42 43 43 43 43 43 43 43 43 43 
time on:1296
42 43 42 42 43 42 42 42 43 43 
time on:1300
42 43 43 43 43 43 43 43 43 43 
time on:1300
42 43 43 43 42 42 42 42 43 43 
time on:1300
42 43 43 43 43 43 43 43 43 43 
time on:1300
42 42 43 43 42 43 42 42 43 42 
time on:1292
42 42 43 43 42 42 43 42 43 43 
time on:1292
42 43 43 43 42 43 43 43 42 43 
time on:1300
42 43 43 43 43 43 43 43 43 43 
time on:1300
42 43 43 42 42 42 42 43 43 43 
time on:1292
42 43 43 43 43 43 43 43 43 43 
time on:1300
42 43 43 43 43 42 43 43 43 43 
time on:1292
42 42 42 43 43 43 43 43 43 42 
time on:1296
42 41 42 43 42 43 42 43 43 43 
time on:1292
42 42 43 43 43 43 43 42 43 43 
time on:1292
42 42 40 42 43 43 43 42 42 43 
time on:1296
42 42 43 43 43 43 42 43 42 42 
time on:1300
42 43 42 43 43 43 43 43 43 43 
time on:1292
42 43 43 43 43 43 43 43 43 43 
time on:1296
42 43 43 43 43 43 43 43 43 43 
time on:1300
42 43 43 43 43 43 43 43 42 43 
time on:1292
42 43 43 42 43 42 43 43 43 43 
time on:1292
42 43 43 43 43 42 43 43 43 43 
time on:1300
42 43 42 43 43 43 43 43 43 43 
time on:1292
42 43 43 43 43 43 43 42 43 43 
time on:1300
42 42 43 42 42 43 43 43 43 42 
time on:1300
42 43 43 42 42 42 42 43 43 43 
time on:1292
42 42 43 43 43 43 43 43 43 43 
time on:1296
42 43 43 43 43 43 42 42 42 43 
time on:1300
42 43 43 43 43 43 42 43 43 43 
time on:1292
42 43 43 42 42 43 42 43 43 43 
time on:1296
42 43 43 43 43 43 43 42 42 43 
time on:1300
43 42 43 43 43 43 43 43 43 43 
time on:1292
42 43 43 43 43 43 43 43 43 43 
time on:1300
42 43 43 43 43 43 43 43 43 43 
time on:1300
42 43 43 42 43 43 42 43 43 43 
time on:1292
42 43 43 43 43 43 42 42 43 42 
time on:1308
42 43 42 43 43 43 43 43 43 43 
time on:1300
43 42 42 43 43 42 43 42 43 42 
time on:1292
42 43 43 43 43 42 42 43 43 43 
time on:1296
42 43 42 42 43 42 43 43 43 42 
time on:1300
42 42 43 42 43 42 43 43 43 43 
time on:1292
42 43 42 42 43 42 43 43 43 43 
time on:1300
42 43 42 43 43 43 43 42 42 43 
time on:1300
42 43 43 43 43 42 43 43 43 43 
time on:1292
42 43 42 42 43 43 43 43 43 43 
time on:1292
42 43 43 42 43 42 42 43 43 43 
time on:1300
42 42 43 43 43 43 43 43 43 43 
time on:1292
42 43 42 42 43 43 42 43 42 42 
time on:1292
42 43 43 42 43 43 43 43 43 43 
time on:1300
42 43 42 42 43 43 43 43 43 43 
time on:1292
42 42 43 43 43 42 43 43 43 43 
time on:1296
42 42 42 43 42 42 43 41 41 42 
time on:1300
42 42 43 43 43 43 43 43 42 42 
time on:1292
42 42 43 42 42 42 42 42 43 43 
time on:1300
42 42 42 42 43 43 43 43 43 43 
time on:1300
42 42 43 43 43 42 43 43 43 43 
time on:1292
42 42 43 42 42 42 43 43 43 43 
time on:1292
42 43 43 43 43 43 43 42 42 42 
time on:1300
42 42 42 43 42 43 43 43 43 43 
time on:1292
42 42 42 42 42 42 43 42 43 42 
time on:1296
42 43 42 42 43 42 42 42 42 43 
time on:1300
42 43 42 42 43 43 43 43 43 43 
time on:1292
41 42 43 43 42 43 43 42 42 42 
time on:1296
42 42 43 43 43 43 42 43 42 42 
time on:1300
42 43 42 43 43 42 42 42 42 42 
time on:1292
42 43 42 43 43 43 42 43 43 43 
time on:1296
42 42 42 42 43 42 43 42 43 43 
time on:1300
42 42 42 42 42 42 43 42 42 42 
time on:1292
42 43 43 43 42 42 42 42 43 43 
time on:1292
42 42 43 42 43 42 43 43 43 42 
time on:1308
42 43 43 42 42 42 42 42 42 43 
time on:1292
41 43 43 43 42 42 43 42 43 42 
time on:1300
42 43 42 43 42 42 42 43 42 42 
time on:1300
42 43 42 43 42 43 43 43 43 43 
time on:1292
42 42 42 43 42 42 43 42 42 42 
time on:1300
42 43 43 42 43 42 42 42 43 42 
time on:1300
42 42 42 43 43 43 43 43 43 43 
time on:1300
42 43 43 42 42 43 43 42 42 43 
time on:1292
42 42 43 43 42 43 43 43 43 43 
time on:1292
42 42 42 42 42 42 42 42 43 42 
time on:1296
42 42 43 42 42 42 43 42 42 43 
time on:1296
42 42 43 43 43 42 42 42 43 43 
time on:1296
42 42 42 42 42 43 43 42 42 43 
time on:1292
42 42 42 43 42 42 42 42 43 42 
time on:1292
42 43 43 42 43 43 43 43 43 43 
time on:1300
42 43 43 42 43 43 43 42 43 43 
time on:1292
42 42 43 42 43 43 43 42 42 42 
time on:1296
42 43 42 42 41 43 42 42 42 42 
time on:1300
42 41 42 42 42 42 43 42 43 43 
time on:1292
42 42 42 42 42 43 42 43 42 42 
time on:1296
42 42 42 42 42 43 42 42 42 42 
time on:1292
0 0 0 0 0 0 0 0 0 0 
time on:1296
42 42 42 42 42 43 43 43 43 43 
time on:1292
42 42 42 42 43 43 43 43 43 42 
time on:1296
42 42 43 42 43 43 43 43 42 43 
time on:1300
42 42 42 42 43 43 42 42 42 43 
time on:1292
42 43 43 42 42 43 42 43 43 43 
time on:1304
42 42 43 43 43 43 42 42 43 43 
time on:1300
42 43 43 43 42 42 43 43 43 43 
time on:1292
41 42 42 42 42 43 43 42 43 43 
time on:1292
42 43 42 42 43 42 42 43 43 43 
time on:1300
42 43 42 43 43 43 43 42 42 43 
time on:1292
42 43 43 42 43 43 43 43 43 43 
time on:1296
42 43 42 42 42 42 43 43 43 43 
time on:1300
42 43 43 43 43 42 43 43 43 43 
time on:1300
42 43 42 42 43 43 43 42 43 43 
time on:1292
42 43 43 42 43 43 42 42 42 43 
time on:1292
42 42 43 43 43 42 43 43 42 43 
time on:1300
42 42 42 43 43 42 42 43 43 43 
time on:1292
42 43 43 43 43 43 43 42 43 43 
time on:1300
42 43 43 42 43 43 43 43 43 43 
time on:1300
42 43 43 43 42 43 43 43 42 42 
time on:1292
42 43 43 43 43 43 43 43 43 43 
time on:1300
42 43 43 43 43 43 43 43 43 43 
time on:1292
42 43 43 43 43 43 43 43 43 43 
time on:1300
42 43 43 43 43 43 43 42 42 43 
time on:1300
42 43 43 43 43 43 43 43 42 43 
time on:1292
42 43 43 43 42 42 43 42 42 43 
time on:1300
42 42 42 43 42 43 43 43 43 43 
time on:1300
42 43 43 43 43 43 43 43 43 43 
time on:1308
42 43 43 42 43 43 43 43 43 42 
time on:1292
42 42 43 43 43 43 43 43 42 43 
time on:1300
42 42 43 43 43 42 42 43 42 43 
time on:1292
42 43 42 42 42 42 42 43 42 42 
time on:1292
42 43 43 43 43 43 43 43 43 43 
time on:1300
42 42 42 43 43 43 43 43 43 43 
time on:1292
42 42 43 43 43 42 43 43 43 43 
time on:1296
42 43 42 43 43 43 43 43 43 42 
time on:1300
42 43 43 43 43 43 43 43 43 43 
time on:1292
42 43 43 42 43 43 43 43 43 43 
time on:1296
42 43 42 43 42 43 43 43 42 43 
time on:1300
42 42 42 43 43 43 43 42 42 43 
time on:1292
42 43 43 43 43 42 42 43 43 43 
time on:1296
42 43 43 43 43 43 43 43 43 43 
time on:1300
42 43 43 43 42 43 43 43 43 43 
time on:1292
42 43 43 43 43 43 43 43 43 43 
time on:1300
42 43 43 43 43 43 43 43 43 43 
time on:1300
42 43 43 43 43 43 42 42 43 42 
time on:1292
42 43 43 42 43 43 43 43 43 43 
time on:1292
42 43 43 43 43 43 43 43 43 43 
time on:1300
42 43 43 43 43 43 43 43 43 43 
time on:1296
42 42 43 43 43 43 43 43 43 42 
time on:1292
42 43 42 42 43 43 43 43 42 43 
time on:1300
42 42 43 43 43 43 42 42 43 43 
time on:1292
42 42 43 43 42 43 43 43 43 43 
time on:1296
42 42 43 43 43 43 43 42 43 43 
time on:1300
42 43 43 43 42 42 43 43 43 43 
time on:1292
42 43 43 42 43 43 43 42 43 43 
time on:1300
42 43 43 43 42 43 43 43 43 43 
time on:1300
42 43 42 43 42 43 43 43 43 43 
time on:1292
42 42 42 43 43 43 42 43 42 42 
time on:1300
42 43 43 43 43 42 42 43 43 43 
time on:1300
42 43 43 42 43 43 43 43 43 43 
time on:1292
42 43 43 43 42 43 43 43 43 43 
time on:1300
42 42 43 43 43 43 43 43 43 42 
time on:1300
42 43 42 42 43 43 43 43 43 43 
time on:1292
42 43 43 42 43 43 43 43 43 43 
time on:1296
42 42 43 43 43 43 43 43 43 43 
time on:1300
43 42 42 43 42 43 43 43 42 42 
time on:1300
42 43 43 43 42 43 43 43 43 43 
time on:1292
42 42 42 42 43 42 43 42 43 42 
time on:1300
42 43 43 42 43 43 43 43 43 43 
time on:1292
42 43 43 43 43 43 43 43 43 43 
time on:1292
42 42 43 43 43 43 43 43 42 43 
time on:1300
42 43 43 43 43 42 42 43 43 43 
time on:1300
42 43 43 43 43 43 43 43 43 43 
time on:1292
42 42 42 43 43 43 43 43 42 43 
time on:1300
42 43 42 43 43 43 43 43 43 43 
time on:1292
42 43 43 43 43 43 43 43 43 43 
time on:1296
42 43 43 43 43 43 43 43 43 43 
time on:1300
42 43 43 43 43 42 43 42 43 43 
time on:1292
42 42 43 42 42 43 43 43 43 43 
time on:1296
42 43 43 43 43 43 43 43 43 43 
time on:1300
42 43 43 43 43 43 43 43 43 43 
time on:1292
42 43 43 43 43 43 43 42 43 42 
time on:1300
42 43 43 43 42 43 42 43 43 42 
time on:1300
42 42 43 43 42 42 42 43 43 43 
time on:1292
43 43 42 43 43 43 43 43 43 43 
time on:1292
42 43 43 43 43 42 43 43 43 43 
time on:1300
42 43 42 42 42 43 43 43 42 43 
time on:1300
42 43 43 43 43 42 42 43 43 43 
time on:1292
42 43 43 43 43 43 43 43 43 43 
time on:1300
43 43 43 43 43 43 43 43 43 43 
time on:1292
43 43 44 43 43 43 44 43 43 44 
time on:1300
43 44 44 44 44 44 44 44 44 44 
time on:1300
44 44 44 44 44 43 43 44 44 44 
time on:1292
43 44 43 43 44 44 43 44 43 43 
time on:1292
39 40 39 39 39 40 39 39 39 39 
time on:1300
40 40 40 40 40 40 40 40 40 40 
time on:1292
40 40 40 40 40 41 40 40 40 41 
time on:1300
40 40 41 41 40 40 40 40 40 40 
time on:1300
40 40 40 40 40 40 40 40 40 41 
time on:1292
40 41 40 41 40 40 40 41 40 41 
time on:1308
40 40 41 40 40 41 41 40 40 41 
time on:1300
40 40 40 41 40 40 40 40 40 40 
time on:1292
40 41 40 41 40 40 40 40 40 40 
time on:1296
40 41 41 40 40 41 41 40 41 41 
time on:1300
40 40 40 40 40 39 40 40 42 40 
time on:1292
40 41 41 40 40 41 40 41 40 41 
time on:1300
40 41 41 40 40 41 40 41 41 41 
time on:1300
40 40 40 40 41 40 41 41 41 41 
time on:1292
38 39 39 39 39 39 39 39 39 39 
time on:1292
39 39 39 39 39 39 39 39 39 39 
time on:1300
38 39 39 39 39 39 38 39 39 39 
time on:1292
38 39 39 38 39 39 39 38 39 39 
time on:1296
38 39 38 39 38 39 38 39 38 38 
time on:1300
38 39 39 39 39 39 39 39 39 39 
time on:1292
38 39 39 39 39 39 39 39 39 39 
time on:1296
38 39 39 39 39 39 39 39 39 39 
time on:1300
40 40 40 40 40 40 40 40 40 40 
time on:1292
41 41 41 41 41 40 41 41 41 41 
time on:1300
41 41 41 42 41 42 41 41 41 41 
time on:1300
41 41 41 41 41 41 41 41 41 42 
time on:1300
44 44 44 44 43 44 44 44 44 44 
time on:1292
42 43 42 43 43 43 42 42 43 43 
time on:1300
44 44 44 44 44 44 44 44 44 44 
time on:1292
44 44 44 44 44 44 44 44 44 44 
time on:1300
44 45 45 44 45 45 45 45 44 45 
time on:1300
44 44 44 44 44 44 45 44 44 44 
time on:1300
44 45 45 45 45 45 44 45 45 45 
time on:1292
44 44 45 44 45 45 45 44 45 45 
time on:1292
44 45 45 45 45 45 45 45 45 45 
time on:1304
45 45 45 45 45 45 45 44 45 45 
time on:1296
44 44 45 45 45 45 45 45 45 44 
time on:1292
45 45 45 45 45 46 45 45 45 45 
time on:1292
44 45 45 45 45 45 45 44 45 45 
time on:1292
45 45 46 45 44 45 45 45 45 45 
time on:1308
45 46 45 45 46 46 46 46 46 45 
time on:1292
45 46 46 46 46 46 46 46 46 46 
time on:1300
46 47 46 46 46 47 47 46 46 46 
time on:1300
0 0 0 0 0 0 0 0 0 0 
time on:1296
0 0 0 0 0 0 0 0 0 0 
time on:1296
0 0 0 0 0 0 0 0 0 0 
time on:1292
0 0 0 0 0 0 0 0 0 0 
time on:1296
0 0 0 0 0 0 0 0 0 0 
time on:1292
0 0 0 0 0 0 0 0 0 0 
time on:1296
0 0 0 0 0 0 0 0 0 0 
time on:1292
0 0 0 0 0 0 0 0 0 0 
time on:1296
0 0 0 0 0 0 0 0 0 0 
time on:1296
0 0 0 0 0 0 0 0 0 0 
time on:1300
0 0 0 0 0 0 0 0 0 0 
time on:1296
0 0 0 0 0 0 0 0 0 0 
time on:1300
0 0 0 0 0 0 0 0 0 0 
time on:1292
0 0 0 0 0 0 0 0 0 0 
time on:1296
0 0 0 0 0 0 0 0 0 0 
time on:1296
65 65 64 64 64 64 64 64 64 64 
time on:1296
65 65 65 65 65 65 64 65 65 65 
time on:1296
66 65 65 65 65 66 66 66 65 66 
time on:1296
65 65 65 65 65 65 64 65 65 65 
time on:1292
65 65 65 66 66 65 65 65 65 66 
time on:1300
66 65 66 65 65 65 66 66 65 65 
time on:1292
65 65 65 65 65 65 65 65 65 65 
time on:1292
65 65 65 65 65 65 65 65 65 65 
time on:1296
65 65 65 65 65 65 65 65 65 65 
time on:1296
65 65 65 65 65 65 65 65 65 65 
time on:1292
66 66 66 66 66 65 66 66 66 65 
time on:1292
65 65 65 64 64 65 66 65 65 65 
time on:1292
65 65 65 65 65 66 65 65 65 65 
time on:1300
66 65 65 65 65 65 65 65 66 65 
time on:1300
65 65 66 65 65 65 65 65 65 65 
time on:1292
65 65 65 65 66 65 65 66 65 65 
time on:1300
65 65 65 65 65 66 65 65 65 65 
time on:1292
65 65 66 66 66 66 65 65 65 65 
time on:1300
66 66 65 65 65 65 65 65 65 65 
time on:1296
65 65 66 66 66 65 65 65 65 66 
time on:1292
66 65 65 66 65 65 65 65 66 66 
time on:1296
65 66 66 66 66 66 65 65 66 66 
time on:1300
65 66 66 66 66 66 66 65 65 66 
time on:1292
65 66 65 66 65 65 66 65 66 66 
time on:1300
66 66 66 65 66 66 66 66 66 66 
time on:1300
66 65 66 66 65 66 66 66 66 66 
time on:1292
65 66 66 66 66 66 66 66 66 65 
time on:1300
66 66 66 66 65 65 66 66 66 66 
time on:1300
66 66 66 66 66 66 66 66 66 66 
time on:1292
65 66 66 66 66 66 66 66 66 66 
time on:1296
66 66 66 66 66 66 66 66 66 65 
time on:1300
66 66 65 65 66 66 66 66 66 66 
time on:1292
66 66 66 66 66 66 66 66 66 66 
time on:1296
66 66 66 66 66 66 66 66 66 66 
time on:1300
66 66 66 66 66 66 66 66 66 66 
time on:1292
66 66 65 66 66 66 65 66 66 66 
time on:1292
66 66 66 66 66 66 65 66 66 66 
time on:1308
65 66 66 66 66 66 66 65 65 66 
time on:1292
66 67 66 66 66 66 66 66 66 66 
time on:1296
66 65 65 65 66 66 66 66 66 66 
time on:1300
66 66 66 66 66 66 66 66 66 66 
time on:1292
66 66 66 66 66 65 66 65 67 65 
time on:1300
66 66 66 66 66 66 66 66 66 66 
time on:1300
66 66 66 66 66 66 65 66 66 66 
time on:1292
66 66 66 66 66 66 66 66 66 66 
time on:1296
66 65 66 66 66 65 66 66 66 66 
time on:1300
66 66 66 66 66 66 66 66 66 66 
time on:1292
66 66 66 66 66 66 66 66 66 66 
time on:1292
66 66 66 66 66 66 66 66 66 66 
time on:1300
66 66 66 66 66 66 66 66 66 66 
time on:1292
65 66 66 66 66 66 66 66 66 66 
time on:1292
66 66 66 66 66 66 66 66 66 66 
time on:1300
66 66 66 66 66 66 66 66 66 66 
time on:1296
66 66 66 66 66 66 66 66 66 66 
time on:1292
66 66 66 66 66 66 66 66 66 66 
time on:1300
66 66 66 66 66 66 66 66 66 66 
time on:1292
66 66 66 66 66 66 66 66 66 66 
time on:1296
66 66 66 66 66 66 66 66 66 66 
time on:1300
66 67 65 66 66 66 66 66 66 66 
time on:1292
66 66 66 66 66 66 66 66 66 66 
time on:1300
66 66 66 66 66 66 66 66 66 66 
time on:1300
66 66 66 66 66 66 66 66 66 66 
time on:1292
66 66 66 66 66 66 66 66 66 66 
time on:1300
66 66 66 66 66 66 66 66 66 66 
time on:1300
66 66 66 66 65 66 66 66 66 66 
time on:1300
66 66 66 66 66 66 66 66 66 66 
time on:1292
66 66 66 66 66 66 66 66 66 66 
time on:1300
66 66 66 66 66 66 66 66 66 66 
time on:1292
66 67 66 66 66 66 66 66 66 66 
time on:1296
66 66 66 66 66 67 66 66 66 66 
time on:1300
66 66 66 66 66 66 66 66 66 66 
time on:1300
66 66 66 66 66 66 66 66 66 66 
time on:1300
67 66 66 66 66 66 66 66 66 66 
time on:1300
66 66 66 66 66 66 66 66 66 66 
time on:1292
66 66 66 66 65 66 66 66 66 66 
time on:1292
66 66 66 66 66 66 66 66 66 66 
time on:1300
66 66 66 66 66 66 66 66 66 66 
time on:1292
66 66 66 66 66 66 66 66 66 66 
time on:1296
66 66 66 66 66 66 66 66 66 66 
time on:1300
66 66 66 66 66 66 67 67 66 66 
time on:1292
66 66 66 66 67 66 66 66 66 66 
time on:1296
66 66 67 66 66 66 66 66 66 66 
time on:1292
66 66 66 66 66 66 66 66 66 66 
time on:1292
66 67 66 66 66 66 66 66 67 67 
time on:1296
66 67 67 67 67 66 66 66 66 66 
time on:1300
66 66 67 67 66 66 66 66 67 67 
time on:1292
66 66 66 66 66 66 66 67 67 66 
time on:1296
66 66 67 67 66 67 67 66 66 66 
time on:1300
67 67 66 67 67 67 67 67 67 66 
time on:1292
67 67 66 67 66 66 67 67 67 67 
time on:1292
66 67 67 66 67 66 67 66 67 67 
time on:1300
67 66 67 67 66 67 67 67 67 67 
time on:1292
66 67 66 67 67 67 66 67 67 67 
time on:1296
66 67 67 67 67 66 67 67 67 67 
time on:1300
67 66 67 67 66 67 66 67 66 66 
time on:1292
67 67 67 67 67 67 66 66 67 66 
time on:1296
67 67 67 67 66 67 67 67 67 66 
time on:1300
66 67 66 67 67 66 66 66 67 67 
time on:1300
67 67 67 66 66 66 67 67 66 67 
time on:1292
66 66 67 66 67 67 67 67 66 67 
time on:1300
67 67 67 67 67 66 66 67 67 67 
time on:1292
67 67 67 67 66 66 67 66 67 67 
time on:1300
67 67 66 67 67 67 67 65 67 67 
time on:1300
66 67 67 66 66 67 67 67 66 67 
time on:1292
67 67 67 67 67 67 66 67 67 67 
time on:1304
66 67 67 66 67 67 67 67 67 66 
time on:1300
66 66 67 67 67 67 67 66 66 67 
time on:1292
66 67 66 67 67 67 66 67 66 67 
time on:1296
66 67 67 67 67 66 67 67 67 67 
time on:1300
66 67 67 67 67 66 66 66 66 66 
time on:1292
67 66 67 67 66 67 66 67 67 67 
time on:1300
67 67 67 67 67 67 67 67 67 67 
time on:1300
67 67 67 66 67 67 67 67 66 67 
time on:1292
67 66 67 67 67 67 67 67 67 66 
time on:1292
67 66 66 66 67 66 67 67 67 66 
time on:1300
67 67 67 67 67 67 67 66 67 67 
time on:1292
67 67 67 67 66 67 67 67 66 67 
time on:1292
67 67 67 67 67 67 66 67 67 67 
time on:1300
66 66 66 65 66 67 66 66 67 66 
time on:1292
66 67 67 67 67 67 66 66 67 67 
time on:1296
67 67 67 67 66 66 66 67 67 67 
time on:1300
67 67 67 67 67 66 66 67 67 67 
time on:1292
66 67 66 66 67 66 66 67 67 66 
time on:1300
67 66 67 67 67 67 67 67 67 66 
time on:1300
67 66 67 67 66 67 67 67 66 67 
time on:1292
67 67 67 67 67 66 67 67 67 67 
time on:1292
67 67 67 67 66 67 66 66 66 66 
time on:1300
67 67 67 67 66 67 66 67 67 67 
time on:1292
67 67 67 67 67 67 67 67 67 68 
time on:1300
66 66 66 66 104 66 66 66 66 66 
time on:1292
66 67 67 67 67 67 67 66 67 67 
time on:1292
66 67 67 67 67 67 67 67 67 67 
time on:1300
66 67 67 67 67 67 67 67 67 67 
time on:1300
67 67 67 67 67 67 67 67 67 67 
time on:1292
67 67 67 67 67 67 67 67 67 67 
time on:1296
67 67 67 66 67 67 67 67 67 67 
time on:1300
67 67 66 66 67 67 67 67 67 67 
time on:1292
67 67 67 67 67 67 67 67 66 67 
time on:1292
67 66 67 67 67 67 66 67 67 66 
time on:1308
66 66 66 66 66 67 66 66 66 66 
time on:1292
66 66 66 66 66 66 66 66 66 66 
time on:1300
67 67 67 67 67 67 67 67 67 68 
time on:1300
66 66 66 66 66 66 65 65 66 66 
time on:1292
66 66 66 66 66 66 66 66 66 66 
time on:1300
68 68 68 68 68 68 68 68 68 68 
time on:1300
71 71 71 71 70 66 72 72 71 71 
time on:1292
66 67 66 66 66 66 66 66 66 66 
time on:1300
68 68 67 67 68 67 68 68 67 68 
time on:1300
67 67 67 67 67 67 67 67 67 67 
time on:1292
66 66 66 67 66 66 66 66 67 66 
time on:1292
67 66 78 67 66 66 108 75 66 78 
time on:1296
71 72 70 71 71 71 71 71 71 71 
time on:1292
272 272 272 272 272 272 272 272 272 272 
time on:1292
231 231 231 231 231 231 231 231 231 231 
time on:1292
218 218 218 218 218 218 218 218 218 218 
time on:1296
140 140 139 139 139 140 139 137 68 67 
time on:1296
131 132 132 132 132 131 132 132 132 132 
time on:1296
121 121 121 121 121 121 121 121 122 121 
time on:1292
125 125 125 124 125 125 125 125 125 125 
time on:1292
125 125 125 125 125 125 125 125 125 125 
time on:1292
125 125 125 125 125 125 125 125 125 125 
time on:1296
125 125 125 125 125 125 125 126 125 125 
time on:1292
126 125 125 125 126 126 125 126 126 126 
time on:1296
125 125 125 125 125 125 125 125 125 125 
time on:1296
125 126 125 126 125 125 126 125 126 126 
time on:1296
125 126 125 126 126 125 125 126 126 125 
time on:1296
126 126 126 125 126 125 126 126 125 125 
time on:1300
126 125 126 125 126 126 126 126 126 126 
time on:1292
126 126 125 125 124 125 126 126 125 125 
time on:1292
126 126 126 126 127 126 126 126 126 126 
time on:1292
126 126 126 126 126 126 126 126 126 125 
time on:1296
126 126 126 126 127 126 126 126 126 126 
time on:1296
125 125 125 127 126 126 125 126 125 125 
time on:1296
126 126 126 126 126 126 126 126 126 126 
time on:1296
125 126 126 126 126 126 126 126 125 126 
time on:1296
126 125 126 126 126 126 126 126 125 125 
time on:1300
126 126 125 126 126 126 126 126 126 126 
time on:1292
126 126 125 126 126 126 126 126 126 126 
time on:1300
126 126 126 126 126 126 126 126 126 126 
time on:1296
126 126 126 126 126 126 126 126 126 126 
time on:1292
126 126 126 126 126 126 126 126 126 126 
time on:1296
126 126 125 126 126 126 126 126 126 126 
time on:1292
126 126 126 125 126 126 125 126 125 126 
time on:1296
125 125 125 126 125 126 126 125 125 125 
time on:1296
125 125 126 125 126 126 126 126 125 125 
time on:1296
125 125 125 125 125 125 125 126 125 125 
time on:1300
125 125 125 125 125 126 125 125 125 125 
time on:1292
125 125 124 125 125 125 125 125 125 125 
time on:1300
124 125 125 125 125 125 125 125 125 125 
time on:1296
125 125 125 125 125 125 126 125 125 125 
time on:1292
125 125 124 125 125 125 124 125 125 124 
time on:1296
124 125 124 125 125 125 125 125 125 125 
time on:1292
124 124 124 125 124 124 124 124 124 124 
time on:1296
124 124 124 124 124 124 124 124 124 124 
time on:1296
124 124 124 124 124 123 124 124 124 124 
time on:1296
123 123 123 123 123 123 123 123 123 123 
time on:1296
122 122 122 122 122 122 122 122 122 122 
time on:1296
121 122 122 122 122 122 122 121 122 122 
time on:1296
121 121 121 122 120 121 122 122 121 121 
time on:1300
121 121 120 121 120 120 120 121 120 120 
time on:1296
120 120 120 120 120 120 120 120 120 120 
time on:1292
119 119 119 119 119 120 119 119 119 119 
time on:1300
119 118 119 119 118 119 118 119 118 119 
time on:1292
118 118 118 118 118 118 118 118 118 118 
time on:1292
117 117 117 117 117 118 117 117 117 117 
time on:1296
116 117 117 117 117 117 117 116 117 117 
time on:1292
116 116 117 116 116 116 116 116 116 116 
time on:1296
116 115 116 116 115 116 116 116 116 116 
time on:1292
115 115 115 115 115 115 115 115 115 115 
time on:1296
67 67 67 67 67 67 68 69 66 66 
time on:1292
66 66 66 66 66 66 66 66 66 66 
time on:1292
66 66 66 66 66 66 66 66 66 66 
time on:1292
67 66 66 66 65 66 66 66 66 66 
time on:1300
66 66 66 66 66 66 66 66 66 66 
time on:1292
113 113 113 113 113 113 113 113 113 113 
time on:1300
113 113 113 113 113 113 113 113 113 113 
time on:1292
113 113 113 113 113 112 112 113 113 113 
time on:1292
113 113 113 113 113 113 113 113 113 113 
time on:1292
113 113 113 112 113 113 113 113 113 113 
time on:1292
112 113 112 113 113 113 113 113 113 113 
time on:1296
113 113 113 113 113 113 113 113 113 113 
time on:1292
113 113 113 112 112 113 113 113 112 112 
time on:1296
112 112 113 112 112 112 113 112 113 113 
time on:1296
112 112 113 112 113 112 112 112 112 113 
time on:1296
112 112 113 112 113 113 112 112 112 112 
time on:1296
112 112 112 112 112 112 112 112 112 112 
time on:1300
112 112 112 112 112 113 112 113 112 113 
time on:1296
112 112 112 112 112 112 113 112 112 112 
time on:1300
112 112 112 112 112 112 112 112 112 112 
time on:1300
114 112 112 112 112 112 112 112 112 112 
time on:1292
112 112 112 112 113 112 112 112 112 112 
time on:1300
112 112 112 112 112 112 112 112 112 112 
time on:1292
66 272 112 112 113 112 112 112 112 112 
time on:1296
112 112 112 112 112 112 112 112 112 112 
time on:1300
112 112 112 112 112 112 112 112 112 112 
time on:1292
68 117 112 112 112 112 112 112 112 112 
time on:1296
112 115 110 107 110 110 110 111 107 108 
time on:1300
112 112 112 112 112 112 112 112 112 112 
time on:1296
111 112 112 112 112 112 112 112 112 113 
time on:1292
112 112 112 112 112 112 112 112 112 112 
time on:1300
112 112 112 111 112 112 112 112 112 112 
time on:1292
112 112 112 112 112 112 112 112 112 112 
time on:1292
112 112 112 112 113 112 112 112 112 111 
time on:1296
112 112 112 112 112 112 112 112 112 112 
time on:1292
112 112 112 112 112 112 112 112 112 112 
time on:1296
112 112 112 112 112 112 112 112 112 112 
time on:1296
112 112 112 112 111 112 112 112 112 112 
time on:1296
112 112 112 112 112 112 112 112 112 112 
time on:1296
111 112 112 112 112 112 112 112 112 112 
time on:1296
112 112 112 112 112 112 112 112 112 112 
time on:1296
112 112 112 112 112 112 112 112 112 112 
time on:1296
112 112 112 112 112 112 112 112 112 112 
time on:1296
111 112 112 112 112 112 112 112 111 111 
time on:1300
112 111 111 112 112 112 112 112 112 112 
time on:1300
111 112 112 112 112 112 112 112 112 112 
time on:1292
112 112 112 112 111 112 112 112 112 112 
time on:1300
112 112 111 112 112 112 112 112 112 112 
time on:1292
111 112 112 112 112 112 112 112 111 112 
time on:1292
112 112 112 112 111 112 112 112 112 112 
time on:1300
112 112 111 112 112 112 112 112 112 112 
time on:1300
112 112 112 112 112 112 111 112 112 112 
time on:1292
111 111 112 111 111 111 111 113 112 112 
time on:1300
112 112 112 112 112 112 112 112 112 112 
time on:1292
111 112 112 112 112 112 112 112 112 112 
time on:1292
112 112 112 112 112 112 112 112 112 112 
time on:1300
112 112 112 111 112 112 112 111 111 111 
time on:1300
111 112 112 111 112 112 112 112 112 112 
time on:1292
112 112 111 111 111 112 112 112 111 112 
time on:1300
112 112 112 112 112 112 112 112 112 112 
time on:1292
111 111 111 112 110 112 112 112 112 112 
time on:1292
112 112 112 112 112 112 112 112 112 112 
time on:1300
112 112 111 112 112 112 112 111 112 111 
time on:1292
111 112 112 112 112 112 112 112 112 112 
time on:1292
112 112 112 112 111 112 112 112 112 112 
time on:1296
112 112 112 112 112 112 112 111 112 112 
time on:1292
111 111 111 111 111 111 111 111 111 111 
time on:1296
111 112 111 111 112 112 112 112 112 112 
time on:1292
112 112 112 112 112 112 112 112 112 112 
time on:1296
111 112 112 112 112 112 112 112 112 112 
time on:1296
112 112 112 112 112 112 112 112 112 111 
time on:1296
112 112 112 112 112 111 111 112 112 112 
time on:1300
111 112 112 112 112 111 112 111 112 111 
time on:1300
112 112 112 112 112 112 112 112 111 112 
time on:1292
111 112 112 112 112 111 112 112 112 112 
time on:1300
111 111 112 112 111 112 112 112 111 112 
time on:1292
112 112 111 111 112 112 112 112 112 112 
time on:1292
111 112 112 112 112 111 112 112 112 112 
time on:1300
112 112 112 112 112 112 112 112 112 112 
time on:1292
112 112 112 112 112 112 112 112 112 111 
time on:1292
66 191 112 112 112 112 112 112 112 112 
time on:1296
112 111 111 112 111 112 112 111 112 111 
time on:1296
111 112 112 112 112 111 112 111 112 112 
time on:1304
112 112 112 112 112 112 111 112 112 112 
time on:1296
112 111 112 112 110 112 112 112 111 111 
time on:1304
112 112 112 112 112 112 111 112 111 112 
time on:1296
112 112 112 112 112 112 112 111 112 111 
time on:1300
112 112 111 112 112 111 112 112 111 112 
time on:1292
111 112 112 112 112 112 112 112 111 112 
time on:1300
112 112 111 112 112 111 111 111 112 112 
time on:1296
111 112 111 111 112 112 112 112 111 111 
time on:1292
111 111 112 111 112 112 112 111 111 112 
time on:1292
111 112 111 112 111 112 111 112 111 112 
time on:1308
111 112 111 112 112 111 112 112 111 112 
time on:1292
112 112 112 112 112 111 112 111 112 112 
time on:1300
121 112 112 111 111 112 112 112 112 112 
time on:1300
115 111 111 112 113 112 109 112 111 111 
time on:1300
84 113 112 111 111 111 112 112 108 110 
time on:1296
111 111 111 112 111 111 112 111 112 112 
time on:1296
112 111 112 112 112 112 112 112 112 111 
time on:1300
112 112 111 111 111 111 112 111 112 111 
time on:1296
111 111 112 111 111 111 111 111 112 112 
time on:1300
111 112 111 111 112 111 111 111 111 112 
time on:1300
111 112 111 111 112 111 111 112 112 112 
time on:1292
69 111 111 112 112 112 111 111 111 111 
time on:1292
112 112 111 112 112 111 111 111 112 111 
time on:1292
112 112 112 111 112 112 111 112 111 111 
time on:1300
112 111 112 111 112 112 112 112 111 111 
time on:1292
112 112 112 112 111 111 111 112 112 112 
time on:1292
113 113 113 113 114 113 113 113 113 113 
time on:1300
113 113 113 113 113 113 113 113 114 113 
time on:1292
113 113 113 113 113 113 113 113 113 113 
time on:1292
113 113 113 113 113 113 113 113 113 113 
time on:1300
113 113 113 113 113 113 113 113 113 113 
time on:1292
113 113 112 112 112 113 112 113 113 113 
time on:1292
112 113 113 113 113 113 113 113 113 112 
time on:1296
113 113 113 113 112 113 112 113 113 112 
time on:1296
113 113 113 112 112 113 113 113 113 113 
time on:1296
113 113 113 113 112 112 113 113 113 113 
time on:1296
112 112 113 112 113 113 113 112 112 112 
time on:1296
113 112 112 113 113 113 113 112 112 112 
time on:1292
103 104 104 104 104 104 103 104 103 104 
time on:1300
111 111 111 111 111 111 111 111 111 111 
time on:1292
111 111 111 111 111 111 112 111 111 111 
time on:1292
112 112 112 112 111 111 111 111 112 112 
time on:1300
110 110 110 110 110 110 110 110 110 110 
time on:1292
112 112 112 112 112 112 112 112 112 112 
time on:1292
108 108 108 108 108 108 108 108 107 108 
time on:1300
107 107 107 107 108 108 107 108 107 107 
time on:1292
107 108 108 108 108 108 108 107 108 108 
time on:1300
107 107 108 107 107 107 107 107 107 107 
time on:1296
106 106 107 106 106 106 106 106 106 106 
time on:1296
106 106 106 106 106 106 106 106 106 105 
time on:1296
106 106 106 106 106 106 105 106 106 106 
time on:1296
105 104 104 104 105 105 107 104 104 104 
time on:1300
105 105 105 105 105 106 106 105 106 106 
time on:1292
106 106 106 106 106 106 106 106 106 106 
time on:1292
104 104 105 105 105 105 105 105 105 105 
time on:1300
104 105 105 105 105 105 105 105 105 105 
time on:1292
105 105 105 105 105 105 105 105 105 105 
time on:1292
105 105 105 105 105 105 105 105 105 105 
time on:1300
104 104 104 104 104 104 104 104 104 104 
time on:1292
104 104 104 105 104 104 104 104 104 104 
time on:1292
106 105 106 106 106 106 106 108 107 106 
time on:1300
109 109 109 109 109 109 109 109 110 109 
time on:1292
111 111 112 112 111 111 112 111 111 111 
time on:1292
108 109 109 109 108 109 109 109 109 109 
time on:1292
104 105 105 105 105 104 104 105 105 105 
time on:1296
105 105 105 105 105 105 105 105 105 105 
time on:1296
105 105 105 105 106 105 105 105 105 105 
time on:1296
105 105 106 105 105 105 105 105 105 105 
time on:1300
105 106 105 106 106 105 105 105 106 106 
time on:1292
106 105 105 106 105 105 105 105 106 105 
time on:1292
105 105 105 105 105 105 105 106 105 105 
time on:1300
105 105 105 105 105 106 105 105 105 105 
time on:1292
104 105 105 105 105 105 105 106 105 106 
time on:1292
105 106 105 106 106 105 105 105 105 105 
time on:1296
106 106 106 105 106 106 106 106 106 106 
time on:1296
105 106 105 106 105 105 106 105 106 105 
time on:1296
106 106 106 106 106 106 106 106 106 105 
time on:1300
106 106 105 106 106 106 106 106 106 106 
time on:1300
105 106 106 105 105 106 106 106 105 106 
time on:1292
106 106 106 106 106 106 105 106 106 106 
time on:1300
105 105 105 106 106 106 106 106 106 105 
time on:1292
106 106 105 106 106 106 106 106 106 106 
time on:1292
105 106 106 106 106 106 106 106 106 106 
time on:1300
106 106 106 106 106 106 106 106 105 104 
time on:1292
106 106 106 106 106 106 107 106 107 106 
time on:1292
106 107 107 106 107 106 106 106 106 107 
time on:1300
106 107 107 107 106 106 107 106 106 106 
time on:1292
106 107 107 106 106 106 106 107 107 107 
time on:1292
107 107 106 107 106 107 106 106 106 107 
time on:1292
106 106 106 106 106 107 106 106 106 106 
time on:1292
107 107 107 107 107 107 107 107 107 107 
time on:1296
107 107 107 107 107 107 107 107 107 107 
time on:1296
107 107 107 107 107 107 107 107 108 107 
time on:1296
107 107 107 107 107 107 107 107 107 107 
time on:1296
108 108 108 108 108 108 107 108 108 108 
time on:1296
108 108 108 108 108 108 108 108 108 109 
time on:1300
109 108 109 108 108 109 108 108 109 109 
time on:1292
109 109 109 108 109 109 109 109 109 109 
time on:1292
109 109 109 110 110 109 110 109 109 110 
time on:1292
110 110 110 110 110 110 110 110 110 110 
time on:1292
111 111 111 111 111 111 110 111 111 111 
time on:1296
111 111 111 111 111 111 111 111 111 112 
time on:1292
112 112 112 112 113 112 112 112 112 112 
time on:1296
113 112 113 114 113 114 113 113 113 113 
time on:1296
114 114 114 114 115 114 114 114 114 114 
time on:1296
116 115 115 115 115 115 114 115 115 115 
time on:1300
116 116 116 117 116 116 116 116 116 117 
time on:1292
118 118 118 118 118 118 118 118 118 118 
time on:1292
119 119 119 119 119 119 119 119 119 118 
time on:1300
120 121 121 120 120 121 121 120 120 120 
time on:1292
122 122 122 122 122 122 122 122 122 122 
time on:1292
124 124 123 123 124 123 123 123 124 123 
time on:1300
125 126 125 125 125 126 125 125 125 126 
time on:1292
128 128 128 128 127 127 128 126 128 128 
time on:1300
129 129 129 129 129 129 129 129 129 129 
time on:1292
131 131 131 130 130 131 131 131 131 130 
time on:1292
132 132 132 132 132 132 133 132 132 133 
time on:1296
134 134 134 134 134 134 134 134 134 134 
time on:1292
136 136 136 136 136 136 136 136 136 136 
time on:1296
138 138 138 138 138 137 138 138 138 138 
time on:1296
140 140 140 139 140 140 140 140 140 140 
time on:1296
142 142 142 141 142 142 142 142 142 142 
time on:1300
144 144 144 144 144 144 144 144 144 144 
time on:1292
145 145 145 145 145 145 144 145 145 144 
time on:1300
147 147 147 147 146 147 146 146 146 146 
time on:1292
147 147 147 147 147 147 147 147 147 147 
time on:1292
147 148 148 148 147 148 148 148 148 148 
time on:1296
148 148 148 149 148 149 149 149 149 149 
time on:1296
150 149 149 150 149 150 150 149 150 149 
time on:1296
150 150 151 150 150 151 151 151 150 150 
time on:1296
151 150 151 151 151 151 151 151 151 150 
time on:1296
151 151 150 151 151 151 151 151 151 151 
time on:1300
151 151 150 151 151 151 151 151 151 150 
time on:1292
151 152 151 152 151 151 152 151 151 151 
time on:1292
151 151 151 152 151 151 151 151 151 152 
time on:1300
152 152 152 152 152 152 152 152 152 152 
time on:1292
152 153 151 152 153 152 152 152 152 152 
time on:1292
153 153 153 153 153 153 153 153 153 153 
time on:1300
152 152 152 152 152 152 152 152 152 152 
time on:1292
154 154 154 154 154 154 155 154 155 154 
time on:1292
157 157 157 157 157 157 157 157 157 157 
time on:1296
156 156 156 156 157 156 154 156 156 156 
time on:1292
158 159 158 158 158 158 158 158 158 158 
time on:1296
159 159 159 159 159 158 159 159 159 159 
time on:1296
160 160 160 160 160 160 160 160 160 160 
time on:1296
160 160 160 160 160 160 161 160 160 160 
time on:1296
159 160 159 160 159 159 159 159 159 160 
time on:1296
159 159 160 159 160 160 159 159 159 159 
time on:1300
159 159 159 159 159 159 159 159 159 159 
time on:1292
160 159 159 159 159 159 159 159 160 160 
time on:1292
159 158 159 158 158 158 158 159 158 158 
time on:1292
159 160 159 159 159 159 159 160 159 160 
time on:1292
159 159 159 159 158 159 159 159 159 159 
time on:1296
159 159 159 159 159 159 159 159 159 159 
time on:1292
161 160 160 160 161 161 161 161 161 160 
time on:1296
161 161 161 161 161 161 161 161 161 161 
time on:1296
163 163 164 163 163 163 164 163 164 163 
time on:1296
163 164 163 164 164 164 164 164 164 164 
time on:1300
162 163 162 162 162 162 162 162 162 162 
time on:1292
164 165 165 165 165 165 165 165 165 165 
time on:1292
0 0 0 0 0 0 0 1 0 0 
time on:1300
0 0 1 0 0 0 0 0 0 0 
time on:1296
0 0 0 0 0 1 0 1 0 0 
time on:1300
1 1 0 0 0 1 1 0 0 0 
time on:1292
0 1 0 0 1 0 0 0 0 0 
time on:1292
0 0 0 1 0 0 0 0 0 0 
time on:1292
0 0 0 0 0 0 0 0 0 0 
time on:1296
0 0 0 0 0 0 1 1 0 0 
time on:1296
0 0 0 0 0 0 0 0 0 0 
time on:1296
0 0 0 1 0 0 0 1 0 0 
time on:1296
0 0 0 0 0 0 0 0 0 0 
time on:1296
0 1 0 0 0 0 0 0 0 0 
time on:1300
0 0 0 0 0 0 0 1 0 1 
time on:1296
0 1 1 1 0 0 0 0 1 1 
time on:1296
1 1 1 0 0 1 1 0 1 0 
time on:1296
0 0 0 0 0 0 0 1 0 0 
time on:1292
0 1 0 0 0 1 0 0 1 1 
time on:1292
0 1 0 0 0 0 0 0 1 0 
time on:1300
0 0 1 1 0 3 1 1 0 0 
time on:1296
1 0 0 0 0 0 0 0 0 0 
time on:1300
0 0 0 0 1 1 0 0 0 0 
time on:1296
0 0 1 0 0 0 0 1 0 0 
time on:1296
0 0 0 0 0 0 0 0 0 0 
time on:1304
1 1 0 1 0 0 0 1 0 0 
time on:1300
91 124 124 127 128 129 129 129 129 129 
time on:1296
86 121 122 124 125 126 126 126 126 126 
time on:1296
84 121 121 124 125 126 126 126 126 125 
time on:1296
82 121 122 124 126 126 126 127 126 126 
time on:1296
84 121 122 124 126 127 127 126 127 127 
time on:1292
77 122 121 124 126 127 127 126 127 126 
time on:1296
100 136 140 144 145 145 145 144 144 145 
time on:1296
101 140 143 147 148 148 148 148 148 149 
time on:1296
103 142 146 150 151 151 150 151 151 151 
time on:1292
100 144 147 152 152 153 153 153 153 152 
time on:1292
98 144 148 152 152 152 152 153 153 152 
time on:1292
96 144 148 152 152 152 152 152 153 153 
time on:1296
106 144 148 152 152 152 152 152 152 152 
time on:1296
109 144 148 152 152 153 153 153 153 153 
time on:1292
93 144 147 152 152 153 153 152 152 152 
time on:1300
114 144 148 152 153 153 153 153 153 153 
time on:1292
97 144 148 152 152 153 153 152 152 152 
time on:1296
105 144 147 152 152 153 153 152 152 153 
time on:1300
112 144 149 153 153 154 153 154 154 154 
time on:1296
110 145 149 152 153 153 153 153 153 153 
time on:1300
113 144 148 153 152 152 153 153 153 153 
time on:1300
113 143 147 152 152 152 152 152 152 152 
time on:1292
94 142 145 150 150 151 151 151 151 151 
time on:1296
102 140 144 147 148 148 148 148 148 148 
time on:1300
101 135 138 143 144 144 144 144 144 144 
time on:1300
69 107 107 108 109 111 111 111 112 111 
time on:1296
65 106 106 108 109 110 111 111 111 111 
time on:1296
59 98 99 99 101 102 102 103 102 103 
time on:1300
59 96 96 97 98 99 100 100 100 100 
time on:1300
57 91 91 92 93 94 95 95 95 95 
time on:1292
50 86 86 86 86 87 88 88 88 88 
time on:1296
52 86 86 86 86 87 88 89 89 89 
time on:1300
54 87 87 88 88 89 90 90 91 90 
time on:1292
50 90 90 90 91 91 92 93 93 93 
time on:1292
52 90 90 91 91 92 93 93 94 93 
time on:1308
56 90 90 91 91 92 93 93 93 94 
time on:1292
52 91 90 91 91 93 94 94 94 94 
time on:1300
59 91 90 91 92 93 94 94 94 94 
time on:1300
60 91 91 92 92 93 94 94 94 94 
time on:1292
52 91 91 91 92 93 94 94 94 94 
time on:1296
57 91 91 92 92 93 94 94 94 94 
time on:1300
57 91 91 91 92 93 94 94 94 94 
time on:1292
51 91 91 91 92 93 94 94 94 94 
time on:1300
56 91 91 91 91 93 93 94 94 94 
time on:1300
58 90 91 91 92 93 94 94 94 94 
time on:1292
51 90 90 91 92 92 93 94 94 94 
time on:1300
57 91 91 91 92 93 93 94 94 94 
time on:1300
57 91 91 91 91 93 94 94 94 94 
time on:1292
52 91 91 92 93 93 94 94 94 94 
time on:1292
54 91 92 92 93 94 95 95 95 95 
time on:1300
60 91 92 92 93 94 95 95 95 95 
time on:1292
54 92 92 92 94 95 95 95 96 96 
time on:1300
60 92 93 93 94 95 96 96 95 96 
time on:1300
62 92 93 93 94 95 96 96 96 95 
time on:1292
54 92 93 93 94 95 95 96 96 96 
time on:1300
60 92 92 92 94 95 96 96 96 96 
time on:1296
56 91 92 92 93 94 95 95 95 95 
time on:1292
53 92 92 92 94 94 95 96 96 96 
time on:1296
59 92 92 93 93 95 96 96 95 95 
time on:1300
61 92 92 93 94 94 95 96 96 96 
time on:1292
54 92 92 92 94 95 95 96 96 95 
time on:1296
61 92 92 92 95 95 95 95 96 96 
time on:1300
61 92 93 93 94 96 96 96 96 96 
time on:1292
54 92 93 93 95 96 96 96 96 96 
time on:1300
60 93 93 93 94 95 96 96 96 96 
time on:1300
61 93 93 93 95 96 96 97 97 97 
time on:1292
53 93 93 94 95 95 96 96 96 97 
time on:1296
60 93 93 94 95 96 97 96 97 97 
time on:1300
62 93 93 94 95 96 97 96 97 97 
time on:1300
55 94 94 94 95 96 97 97 97 97 
time on:1296
61 94 94 94 95 96 97 97 97 97 
time on:1300
62 93 94 93 95 96 97 97 97 97 
time on:1292
54 93 94 94 95 96 97 97 96 97 
time on:1292
54 94 94 94 95 96 97 97 97 97 
time on:1300
62 93 93 94 95 96 97 97 97 97 
time on:1292
54 93 93 94 95 96 96 97 97 97 
time on:1296
60 92 93 94 95 95 96 96 96 96 
time on:1300
61 93 93 93 94 95 96 96 96 96 
time on:1292
55 92 93 93 94 96 96 96 96 96 
time on:1296
60 93 92 93 94 95 96 96 96 96 
time on:1300
60 93 92 94 94 95 95 96 96 96 
time on:1292
53 93 93 93 94 95 96 96 96 96 
time on:1300
60 93 93 93 94 95 96 96 96 96 
time on:1300
61 92 93 93 94 95 96 96 96 96 
time on:1292
54 93 93 93 94 95 96 96 96 96 
time on:1296
60 92 92 93 94 95 95 95 96 96 
time on:1300
61 92 92 93 94 95 95 96 95 95 
time on:1292
54 92 93 92 93 95 94 96 95 96 
time on:1292
54 91 92 92 93 94 95 95 95 95 
time on:1300
61 92 92 92 93 94 95 95 95 96 
time on:1296
56 92 92 93 94 95 94 95 96 95 
time on:1292
56 91 92 92 94 95 95 96 96 96 
time on:1300
62 92 91 91 93 94 94 95 95 95 
time on:1292
55 92 92 92 92 94 95 95 95 95 
time on:1296
60 91 92 92 93 94 94 94 95 94 
time on:1300
62 91 91 91 93 94 94 94 94 94 
time on:1292
54 91 91 91 93 93 94 94 94 94 
time on:1300
60 91 91 91 92 93 94 95 94 94 
time on:1300
61 91 91 91 92 93 94 94 94 94 
time on:1292
54 91 91 91 92 93 94 95 94 94 
time on:1300
60 91 91 91 92 94 94 94 94 94 
time on:1300
61 91 91 92 93 94 94 94 94 94 
time on:1292
54 91 91 92 92 94 94 94 94 94 
time on:1300
60 91 90 92 92 94 94 94 94 94 
time on:1300
61 91 91 92 92 94 94 94 94 95 
time on:1292
54 91 91 91 93 93 94 94 94 94 
time on:1300
60 91 91 92 93 94 94 94 95 95 
time on:1300
60 91 91 92 92 94 94 94 94 94 
time on:1300
54 91 91 92 93 94 94 94 94 94 
time on:1292
56 91 92 92 93 94 94 95 95 95 
time on:1300
61 91 92 92 93 94 94 94 94 94 
time on:1292
53 91 91 91 92 94 94 94 94 94 
time on:1292
55 91 91 92 93 93 94 94 94 94 
time on:1300
61 91 91 92 93 94 94 94 94 94 
time on:1300
46 49 48 46 46 47 47 47 47 48 
time on:1292
48 51 59 53 57 59 48 48 48 48 
time on:1300
48 50 46 46 46 47 47 46 46 47 
time on:1292
48 53 53 51 51 50 51 50 52 52 
time on:1296
48 52 53 52 51 51 50 52 53 53 
time on:1300
48 52 56 54 54 56 53 54 55 57 
time on:1292
48 51 52 46 46 46 47 46 46 46 
time on:1300
46 46 46 46 46 46 46 46 46 46 
time on:1300
46 46 46 46 46 46 46 46 46 46 
time on:1292
46 46 46 46 46 46 47 46 46 46 
time on:1300
46 46 46 46 46 46 46 46 46 46 
time on:1300
46 47 47 46 47 47 46 46 46 47 
time on:1292
46 47 47 46 47 46 46 47 47 46 
time on:1292
46 46 46 46 46 46 46 46 47 46 
time on:1300
46 47 47 47 47 47 47 47 47 47 
time on:1292
46 46 46 46 46 46 46 46 46 46 
time on:1296
46 46 46 46 46 47 46 46 47 46 
time on:1300
46 46 46 45 48 46 47 45 46 46 
time on:1292
46 47 47 46 47 47 47 47 46 47 
time on:1296
46 47 46 46 46 46 46 47 46 46 
time on:1300
46 46 46 46 46 46 46 46 46 46 
time on:1292
45 46 46 45 46 46 46 46 46 46 
time on:1292
46 46 46 46 45 46 46 46 46 46 
time on:1300
45 46 46 46 46 46 46 46 46 45 
time on:1292
45 46 46 46 46 46 46 46 46 46 
time on:1296
45 46 46 46 45 46 46 46 46 46 
time on:1300
45 45 46 46 46 46 46 46 46 46 
time on:1292
45 46 46 46 46 46 46 46 45 46 
time on:1308
46 46 46 46 46 46 46 46 46 46 
time on:1300
45 46 46 46 46 46 45 46 46 46 
time on:1292
45 46 46 46 45 46 46 46 46 46 
time on:1296
45 46 45 46 46 46 46 46 46 45 
time on:1300
45 46 46 46 46 46 46 46 46 46 
time on:1292
45 45 45 45 45 45 45 45 45 45 
time on:1300
45 46 46 46 46 45 46 46 46 46 
time on:1300
45 46 46 45 46 46 46 46 46 46 
time on:1292
45 45 45 46 46 46 46 46 46 45 
time on:1292
45 45 45 46 46 46 46 46 46 45 
time on:1300
45 46 46 46 46 46 46 46 46 46 
time on:1292
45 46 46 46 46 45 45 45 46 46 
time on:1296
45 46 46 45 45 46 46 46 46 46 
time on:1300
45 45 46 46 46 45 46 46 46 46 
time on:1292
45 46 46 46 46 46 46 45 46 46 
time on:1300
45 46 46 46 45 46 46 46 46 46 
time on:1300
46 46 46 45 46 46 46 46 46 46 
time on:1292
45 45 45 46 46 46 46 46 44 44 
time on:1300
45 46 46 46 46 45 46 46 46 46 
time on:1300
45 45 46 46 46 46 46 46 46 45 
time on:1292
45 46 46 46 46 46 45 46 45 46 
time on:1296
45 46 46 46 46 46 45 45 45 46 
time on:1300
45 46 45 45 46 46 46 45 45 46 
time on:1292
45 46 46 46 46 46 46 46 46 46 
time on:1296
45 45 45 45 46 45 45 45 45 46 
time on:1300
45 46 45 46 46 45 46 46 46 46 
time on:1292
45 46 46 45 45 46 46 46 46 45 
time on:1296
45 45 46 46 46 46 46 46 45 46 
time on:1300
45 46 46 46 46 45 46 46 46 46 
time on:1292
44 46 45 46 45 46 45 45 46 45 
time on:1296
45 46 46 46 46 46 46 46 46 46 
time on:1300
45 46 45 45 45 45 46 45 46 46 
time on:1292
45 45 46 46 46 46 46 46 45 45 
time on:1292
45 45 45 46 46 45 46 46 45 45 
time on:1308
45 46 45 46 45 46 45 45 46 46 
time on:1292
45 46 46 46 45 45 46 46 46 46 
time on:1300
45 46 45 46 46 46 46 46 46 45 
time on:1300
63 90 90 91 92 92 93 93 93 93 
time on:1292
50 75 46 121 93 94 94 94 94 94 
time on:1292
57 91 92 93 94 94 94 95 95 95 
time on:1300
62 91 92 92 94 94 94 94 94 94 
time on:1292
45 45 45 45 45 46 45 46 45 45 
time on:1300
45 45 46 45 46 46 46 46 46 46 
time on:1300
45 46 45 45 46 46 46 46 46 46 
time on:1292
48 81 81 87 49 47 46 46 45 45 
time on:1296
45 46 46 45 45 45 45 45 46 45 
time on:1300
45 46 45 45 45 46 45 45 46 46 
time on:1292
45 46 45 45 45 45 45 45 46 46 
time on:1292
45 46 46 46 45 46 46 46 46 45 
time on:1300
45 45 45 46 45 45 45 45 45 46 
time on:1296
45 46 46 46 45 45 45 45 45 46 
time on:1292
45 46 45 45 45 46 45 45 46 46 
time on:1300
45 46 45 45 45 46 45 46 46 46 
time on:1292
45 45 45 46 46 46 46 46 46 45 
time on:1296
45 46 46 45 46 45 46 45 46 46 
time on:1300
45 46 45 45 45 46 45 45 45 46 
time on:1292
45 45 45 45 46 45 45 46 46 45 
time on:1300
45 45 45 45 45 45 45 46 45 45 
time on:1300
45 45 45 46 46 45 45 46 46 45 
time on:1292
45 45 45 44 46 45 46 45 45 46 
time on:1300
44 46 45 45 45 45 45 46 46 46 
time on:1300
205 218 218 218 218 217 218 218 217 217 
time on:1292
83 108 109 109 110 110 110 109 110 110 
time on:1296
48 103 105 105 106 105 107 107 106 104 
time on:1296
87 109 110 110 111 111 110 111 111 111 
time on:1296
86 105 107 108 108 108 108 108 108 108 
time on:1292
82 105 107 107 107 107 107 107 108 108 
time on:1296
81 103 104 105 105 105 105 105 105 105 
time on:1296
87 101 103 104 104 104 104 103 103 103 
time on:1296
74 99 100 101 101 101 101 101 102 101 
time on:1292
71 99 100 101 101 101 101 101 101 101 
time on:1296
73 99 101 102 101 102 101 101 102 101 
time on:1292
66 97 98 99 100 100 100 99 100 99 
time on:1292
65 96 97 99 99 99 99 99 99 99 
time on:1300
72 96 96 97 99 98 99 99 98 99 
time on:1300
72 96 97 98 98 99 99 99 98 98 
time on:1292
65 96 97 98 98 99 98 98 99 99 
time on:1292
64 94 96 97 97 98 97 97 97 97 
time on:1308
87 95 96 97 96 97 98 98 97 97 
time on:1292
106 129 130 130 130 130 130 130 130 130 
time on:1300
132 146 147 147 147 147 147 147 147 147 
time on:1292
262 187 187 187 187 187 187 187 187 187 
time on:1300
166 179 179 178 179 179 179 179 179 179 
time on:1292
54 90 90 91 91 93 93 93 92 93 
time on:1292
53 90 90 91 92 93 93 93 93 93 
time on:1300
58 90 90 91 91 92 92 93 93 93 
time on:1300
59 89 90 91 91 92 93 93 93 93 
time on:1292
53 90 90 91 91 93 93 93 93 93 
time on:1300
58 90 90 90 91 92 93 93 93 93 
time on:1300
60 90 90 91 92 92 93 93 93 93 
time on:1292
53 89 91 90 91 92 93 93 93 94 
time on:1292
53 90 90 90 91 92 93 93 93 93 
time on:1300
58 89 90 90 91 92 93 93 93 92 
time on:1296
53 89 89 90 91 92 92 92 92 93 
time on:1292
48 114 97 90 88 139 60 90 90 77 
time on:1296
55 89 89 89 90 91 92 92 92 92 
time on:1300
56 89 88 88 89 92 91 91 91 93 
time on:1300
57 89 89 89 91 91 92 92 92 92 
time on:1292
52 89 88 90 90 92 92 92 93 92 
time on:1296
57 90 90 90 91 92 93 93 93 93 
time on:1300
59 89 90 90 91 92 93 93 93 93 
time on:1292
52 90 89 90 91 92 93 93 93 93 
time on:1296
56 89 90 90 91 92 93 92 92 93 
time on:1300
59 90 89 90 91 92 92 93 93 93 
time on:1292
51 89 89 89 91 92 92 93 93 93 
time on:1292
52 90 90 90 90 92 92 93 93 93 
time on:1308
58 90 89 90 91 92 93 93 93 93 
time on:1292
52 90 90 91 91 93 93 93 93 94 
time on:1300
59 90 90 91 92 92 93 94 94 93 
time on:1300
61 90 91 91 92 93 93 93 94 94 
time on:1292
53 90 90 90 91 90 92 93 93 93 
time on:1296
58 89 90 90 91 92 92 93 92 93 
time on:1300
59 89 89 90 91 92 92 93 93 93 
time on:1292
53 89 90 90 91 92 93 93 93 93 
time on:1300
58 88 88 89 90 91 91 92 92 92 
time on:1300
60 90 90 90 91 92 92 93 93 93 
time on:1292
53 89 90 90 91 92 92 93 92 92 
time on:1300
59 90 89 90 91 92 92 93 93 93 
time on:1300
59 89 89 89 91 92 92 92 92 92 
time on:1292
52 89 89 90 90 91 92 92 92 92 
time on:1292
53 89 89 90 91 91 92 92 92 93 
time on:1300
59 89 90 90 90 92 92 93 93 93 
time on:1292
53 89 90 90 91 92 93 93 93 93 
time on:1300
59 90 90 90 91 92 93 93 93 93 
time on:1300
60 90 89 91 91 93 92 93 93 93 
time on:1292
52 89 90 90 91 92 93 93 93 93 
time on:1300
58 89 90 89 91 92 92 93 93 93 
time on:1296
54 89 90 89 91 92 92 92 92 93 
time on:1292
52 89 90 90 91 92 92 93 93 93 
time on:1296
58 89 89 90 91 92 92 93 93 93 
time on:1300
60 89 89 90 91 92 92 92 92 92 
time on:1292
53 89 90 90 91 92 92 92 93 93 
time on:1296
59 89 89 90 91 92 92 92 93 93 
time on:1300
59 89 89 90 91 92 92 92 93 92 
time on:1292
52 88 89 90 91 91 92 92 92 92 
time on:1300
58 89 89 90 91 92 92 92 93 93 
time on:1300
60 89 90 90 91 92 92 92 93 93 
time on:1292
53 89 89 90 91 92 92 92 92 92 
time on:1300
58 90 90 90 91 91 92 90 92 92 
time on:1300
59 89 89 90 90 91 92 92 92 92 
time on:1300
52 90 89 90 91 92 92 92 92 92 
time on:1296
58 89 90 90 90 92 92 92 92 92 
time on:1300
58 89 89 90 90 91 92 92 92 92 
time on:1292
53 89 89 89 91 91 92 92 93 92 
time on:1292
54 89 90 90 91 92 92 93 93 93 
time on:1300
59 89 89 90 90 91 92 92 92 92 
time on:1292
53 89 89 89 90 91 92 92 92 92 
time on:1296
58 89 89 90 90 91 92 93 92 92 
time on:1300
58 88 89 90 91 91 92 92 92 92 
time on:1292
52 89 89 87 91 92 92 92 92 92 
time on:1300
59 89 89 90 90 92 92 92 93 92 
time on:1300
59 89 89 90 90 92 92 93 93 92 
time on:1292
53 90 89 90 91 92 92 93 93 93 
time on:1300
59 89 90 90 91 92 93 92 93 93 
time on:1300
60 89 89 90 90 92 92 92 92 92 
time on:1292
52 89 89 90 91 92 93 92 93 93 
time on:1296
57 89 90 90 91 92 92 92 93 93 
time on:1300
59 90 90 90 91 92 93 93 93 92 
time on:1292
52 89 89 90 91 92 92 92 93 92 
time on:1292
54 90 90 90 91 92 93 92 93 93 
time on:1300
61 90 90 91 91 92 93 93 93 93 
time on:1296
55 89 90 90 91 92 92 93 93 93 
time on:1292
53 89 90 90 91 92 93 93 93 93 
time on:1300
60 90 90 91 92 93 93 93 93 93 
time on:1292
53 90 90 90 91 93 93 93 93 93 
time on:1296
59 90 91 91 92 93 93 94 93 93 
time on:1300
61 90 90 91 92 93 93 93 94 94 
time on:1292
53 90 90 91 91 93 93 93 93 93 
time on:1300
59 90 90 90 92 92 93 93 93 93 
time on:1300
60 90 90 90 92 92 92 93 93 93 
time on:1292
53 90 90 90 91 92 93 93 93 93 
time on:1300
59 89 90 90 91 92 93 93 92 93 
time on:1300
59 89 90 90 91 92 93 93 93 93 
time on:1292
53 89 90 90 91 92 93 93 93 93 
time on:1300
60 89 90 90 91 92 93 93 93 93 
time on:1300
60 89 90 90 91 92 92 92 92 92 
time on:1292
53 89 89 90 90 92 92 92 92 92 
time on:1300
58 89 89 90 91 92 92 92 93 92 
time on:1300
58 89 89 90 90 92 91 92 92 92 
time on:1300
53 89 90 90 91 92 92 93 93 92 
time on:1292
55 89 90 90 91 92 92 93 93 93 
time on:1300
60 90 90 90 91 92 92 92 93 93 
time on:1292
52 89 90 90 91 92 92 92 93 92 
time on:1292
54 89 89 90 91 92 92 92 93 93 
time on:1300
59 88 90 90 91 91 91 92 92 92 
time on:1300
60 89 90 90 91 92 93 92 93 93 
time on:1292
53 88 89 90 91 92 92 93 92 93 
time on:1300
60 90 90 90 91 92 92 93 93 93 
time on:1292
53 90 90 90 90 92 92 93 93 93 
time on:1296
58 89 89 90 91 91 93 92 92 92 
time on:1300
60 89 89 90 91 92 92 92 92 92 
time on:1292
52 89 89 90 90 91 92 92 92 92 
time on:1300
58 89 89 90 91 91 92 92 93 92 
time on:1300
60 89 90 90 90 92 92 92 92 93 
time on:1292
52 89 89 90 91 92 92 92 93 92 
time on:1300
59 90 90 90 91 92 93 93 93 93 
time on:1300
61 90 90 90 91 92 93 93 93 93 
time on:1292
53 89 89 90 91 91 92 93 92 93 
time on:1292
54 90 90 90 91 92 93 93 93 93 
time on:1300
59 90 90 90 91 92 93 92 93 93 
time on:1292
52 90 90 90 91 92 93 93 93 93 
time on:1296
58 90 90 90 91 92 93 93 93 92 
time on:1300
61 89 89 90 91 92 93 93 93 93 
time on:1292
53 90 90 91 92 93 93 94 93 93 
time on:1300
60 90 90 91 92 92 93 93 93 93 
time on:1300
59 90 90 90 92 93 94 93 93 93 
time on:1292
52 90 90 91 92 93 93 93 93 93 
time on:1292
53 90 90 90 92 93 94 94 94 94 
time on:1300
60 90 91 91 92 93 94 93 94 94 
time on:1292
53 90 91 91 92 93 94 94 94 94 
time on:1296
60 91 90 92 92 93 94 94 94 94 
time on:1300
61 91 91 92 93 94 94 94 94 94 
time on:1292
53 91 91 92 92 93 94 94 94 94 
time on:1308
60 91 91 91 92 93 94 94 94 94 
time on:1300
60 91 91 92 92 94 94 94 95 94 
time on:1292
52 91 91 91 92 93 94 94 94 94 
time on:1296
60 91 91 91 92 94 94 94 95 94 
time on:1300
60 90 88 90 91 92 92 92 92 93 
time on:1292
54 91 91 92 93 94 94 94 94 94 
time on:1300
60 91 90 91 92 94 94 94 94 94 
time on:1300
60 91 91 91 92 94 94 94 94 94 
time on:1292
53 89 89 90 91 92 92 92 93 93 
time on:1292
54 90 90 91 92 93 93 94 94 94 
time on:1300
59 90 90 91 92 93 94 94 93 94 
time on:1292
53 90 90 91 92 93 93 94 93 94 
time on:1296
58 90 90 91 92 93 93 93 93 94 
time on:1300
60 91 91 91 92 93 93 93 94 94 
time on:1292
53 91 91 91 92 93 94 94 94 94 
time on:1300
60 91 90 91 92 94 94 94 94 94 
time on:1300
60 90 90 91 92 93 93 94 93 94 
time on:1292
52 90 90 91 92 93 94 94 94 94 
time on:1300
60 90 91 91 92 93 94 94 94 94 
time on:1300
61 91 91 91 92 93 94 94 94 94 
time on:1292
53 90 91 91 92 93 94 94 94 94 
time on:1300
61 91 91 91 93 93 94 94 94 94 
time on:1300
61 91 91 91 93 93 94 94 94 94 
time on:1292
53 90 91 91 92 92 93 94 94 94 
time on:1300
59 90 90 90 92 93 93 93 94 94 
time on:1300
60 90 91 90 92 93 94 94 94 94 
time on:1292
53 90 91 91 92 93 94 94 93 94 
time on:1296
59 91 91 91 92 93 94 94 94 94 
time on:1300
61 90 90 91 92 93 94 94 94 94 
time on:1292
53 91 91 91 92 93 94 94 93 93 
time on:1296
59 91 91 91 92 93 93 94 94 94 
time on:1300
60 90 90 91 91 93 94 93 93 93 
time on:1292
52 90 90 90 92 92 93 93 93 93 
time on:1292
54 90 90 91 92 92 93 93 93 93 
time on:1308
61 90 90 90 92 93 93 93 93 94 
time on:1292
53 90 90 91 92 93 93 94 93 93 
time on:1300
60 90 90 90 91 92 93 93 93 93 
time on:1300
61 90 90 91 91 92 93 93 93 93 
time on:1300
60 90 90 90 92 92 93 93 93 93 
time on:1292
53 90 90 91 91 92 93 93 93 93 
time on:1300
60 89 90 90 91 92 93 93 93 93 
time on:1292
52 89 90 90 92 92 93 93 93 93 
time on:1296
59 90 90 91 91 92 93 93 93 94 
time on:1300
60 90 90 90 92 92 93 94 93 94 
time on:1300
61 90 90 91 92 93 93 93 93 94 
time on:1292
53 90 90 91 91 93 93 94 94 94 
time on:1300
59 90 90 91 92 92 93 93 94 93 
time on:1292
52 90 90 90 92 93 93 93 93 93 
time on:1292
53 90 89 90 91 92 93 93 93 93 
time on:1300
59 90 90 90 91 92 93 92 93 93 
time on:1292
53 90 90 91 92 92 93 93 93 93 
time on:1296
59 90 90 90 91 92 93 93 93 92 
time on:1300
60 90 90 90 91 93 93 93 93 93 
time on:1292
52 90 90 91 92 93 93 93 93 93 
time on:1300
59 90 90 90 92 92 92 93 93 93 
time on:1300
60 90 90 91 91 92 93 93 93 93 
time on:1292
53 90 90 90 91 92 93 93 93 93 
time on:1300
59 90 90 90 91 92 93 93 92 93 
time on:1300
60 89 90 90 91 92 93 92 93 93 
time on:1292
53 89 90 90 91 92 92 92 93 93 
time on:1296
59 89 89 90 91 92 92 92 92 92 
time on:1300
59 89 89 90 90 92 92 92 92 92 
time on:1292
52 89 89 90 90 92 92 92 92 92 
time on:1300
58 89 89 90 91 91 92 92 92 92 
time on:1300
59 89 89 89 91 92 92 92 92 92 
time on:1292
53 89 90 90 91 92 93 93 93 93 
time on:1296
59 90 90 90 91 92 93 93 93 93 
time on:1300
60 89 89 90 91 92 92 92 93 93 
time on:1300
53 90 90 90 91 92 93 93 93 93 
time on:1300
59 90 89 90 91 92 92 93 93 93 
time on:1300
60 90 89 90 91 92 93 93 93 93 
time on:1292
52 89 90 90 91 92 92 92 92 93 
time on:1292
54 90 90 90 91 92 93 93 93 93 
time on:1300
60 90 90 90 91 92 93 93 93 93 
time on:1292
53 89 90 91 91 92 93 93 93 93 
time on:1300
60 90 90 91 91 92 93 93 93 93 
time on:1300
59 90 90 90 91 93 92 92 93 93 
time on:1300
60 90 90 90 91 92 93 92 93 93 
time on:1292
52 89 89 90 90 92 92 92 93 93 
time on:1292
52 89 88 90 91 92 92 93 93 93 
time on:1292
52 89 90 90 91 92 93 92 93 93 
time on:1300
47 87 88 88 88 89 91 91 91 91 
time on:1300
47 88 88 88 88 89 90 91 91 92 
time on:1292
45 88 88 88 89 89 91 91 91 92 
time on:1296
47 88 87 88 88 89 90 91 91 91 
time on:1300
47 88 88 88 89 90 90 91 91 91 
time on:1292
45 87 88 88 88 89 90 91 91 91 
time on:1292
45 87 88 88 88 89 90 91 91 91 
time on:1300
48 87 88 88 89 89 90 91 91 91 
time on:1292
45 88 88 88 89 90 90 91 91 91 
time on:1296
47 88 88 88 88 90 91 91 91 92 
time on:1300
47 88 88 88 88 90 90 91 91 91 
time on:1292
45 88 88 88 88 89 90 91 91 91 
time on:1300
47 88 88 88 89 89 90 91 91 91 
time on:1300
47 88 88 88 88 89 90 91 91 91 
time on:1292
45 88 88 87 88 89 90 91 91 91 
time on:1296
47 88 88 88 89 90 91 91 90 91 
time on:1300
48 88 88 88 89 90 91 91 91 92 
time on:1292
45 88 88 89 89 90 90 91 91 92 
time on:1300
47 88 88 88 89 90 91 92 92 92 
time on:1300
47 88 88 89 89 90 91 92 92 92 
time on:1292
45 88 88 88 89 90 91 91 91 92 
time on:1304
47 88 88 89 89 90 91 91 91 91 
time on:1300
47 88 88 88 89 90 91 91 91 91 
time on:1292
45 89 88 88 89 90 91 92 92 92 
time on:1296
46 89 89 89 89 90 92 91 92 92 
time on:1300
47 88 89 89 89 91 92 92 92 92 
time on:1292
45 89 89 89 89 90 91 92 92 92 
time on:1296
47 88 89 88 89 91 91 92 92 92 
time on:1300
47 88 88 89 89 90 91 92 92 92 
time on:1292
45 89 89 89 89 90 91 92 92 92 
time on:1292
45 89 89 89 90 91 92 92 92 92 
time on:1300
48 89 89 89 90 90 92 92 92 92 
time on:1292
45 89 89 89 90 90 91 92 92 92 
time on:1292
45 89 88 89 90 90 91 92 92 92 
time on:1300
48 88 89 89 89 91 92 92 92 92 
time on:1292
45 88 88 88 89 90 92 92 92 92 
time on:1296
47 88 88 89 89 90 92 92 92 92 
time on:1300
47 88 89 89 89 90 91 92 92 92 
time on:1292
45 87 88 88 88 89 91 91 91 91 
time on:1300
47 88 89 89 89 90 91 91 92 92 
time on:1300
47 88 89 88 89 90 91 91 91 92 
time on:1292
45 88 89 89 90 90 92 92 92 92 
time on:1292
45 88 88 89 89 90 91 92 92 92 
time on:1300
47 88 89 89 89 90 91 92 92 92 
time on:1292
45 88 89 89 89 90 91 92 92 92 
time on:1292
45 89 89 89 89 90 91 92 92 92 
time on:1300
48 89 89 88 90 91 91 92 92 92 
time on:1292
46 89 89 89 90 91 92 92 92 92 
time on:1296
47 89 89 89 90 91 92 92 92 92 
time on:1300
47 89 89 89 90 91 92 92 92 92 
time on:1292
45 88 89 89 89 90 91 92 92 92 
time on:1300
47 89 89 89 90 91 92 92 92 92 
time on:1300
48 89 89 89 89 91 92 92 92 92 
time on:1292
45 89 89 89 90 91 92 92 92 93 
time on:1292
45 89 89 89 90 90 92 92 93 92 
time on:1308
47 89 88 89 90 91 92 93 93 93 
time on:1292
45 89 89 89 89 90 92 92 92 92 
time on:1296
47 89 89 89 90 90 91 92 92 92 
time on:1300
47 88 88 88 89 90 91 91 91 92 
time on:1292
45 88 88 88 89 89 91 91 91 92 
time on:1304
47 88 88 88 89 90 91 91 91 91 
time on:1300
48 88 88 88 89 90 91 91 91 91 
time on:1292
45 88 88 88 88 88 91 91 91 91 
time on:1296
47 88 88 88 89 90 91 91 92 92 
time on:1300
48 88 88 88 89 90 91 91 92 91 
time on:1292
45 88 88 88 89 90 91 91 91 91 
time on:1300
46 88 88 88 88 89 90 91 91 91 
time on:1300
47 89 88 89 90 90 91 91 92 92 
time on:1292
45 88 88 88 89 90 91 92 92 92 
time on:1292
46 88 88 89 89 90 91 92 91 92 
time on:1300
47 88 88 88 89 90 91 92 91 92 
time on:1292
45 88 88 88 89 90 91 91 92 92 
time on:1300
48 89 89 89 89 90 91 92 92 92 
time on:1300
48 88 88 89 89 90 91 92 92 92 
time on:1292
45 88 89 89 89 90 91 92 92 92 
time on:1296
47 89 90 89 90 91 91 92 92 92 
time on:1296
46 89 89 89 90 91 92 92 93 92 
time on:1292
45 89 88 89 89 90 91 92 92 92 
time on:1296
46 89 88 89 89 90 91 91 92 92 
time on:1300
47 89 88 89 89 90 91 92 92 92 
time on:1292
45 89 88 89 89 90 91 91 92 92 
time on:1296
46 88 88 88 89 90 91 91 92 92 
time on:1300
46 88 88 88 89 89 91 91 91 91 
time on:1300
47 88 88 89 89 90 91 92 92 92 
time on:1292
45 88 89 89 89 90 91 91 92 92 
time on:1300
47 89 89 89 89 90 91 92 92 92 
time on:1292
45 88 89 88 89 89 91 91 91 91 
time on:1300
46 88 88 88 88 90 90 91 91 92 
time on:1300
47 88 88 88 88 90 91 91 91 91 
time on:1292
45 88 88 88 89 90 91 91 92 91 
time on:1296
47 88 88 89 89 90 90 91 92 91 
time on:1300
47 88 88 88 89 90 91 92 92 92 
time on:1300
48 88 89 88 89 90 91 92 91 91 
time on:1292
45 88 89 89 89 90 91 91 91 92 
time on:1308
47 89 89 89 89 90 91 92 92 92 
time on:1292
45 88 89 89 89 90 91 92 92 91 
time on:1296
47 89 89 89 90 90 91 91 91 92 
time on:1300
47 88 89 89 90 90 91 92 92 92 
time on:1292
45 88 89 89 89 91 91 91 92 92 
time on:1300
47 88 88 88 89 90 91 91 91 91 
time on:1300
47 88 88 88 89 90 90 92 91 92 
time on:1292
45 88 88 88 89 90 91 91 91 91 
time on:1300
47 88 88 88 89 89 90 91 91 91 
time on:1300
47 88 88 88 89 89 90 91 91 92 
time on:1292
45 88 88 89 88 90 91 90 91 91 
time on:1292
45 88 88 88 88 90 91 91 91 91 
time on:1300
47 88 88 89 89 90 91 92 92 92 
time on:1292
45 88 88 89 89 90 91 91 91 91 
time on:1292
45 88 89 88 89 90 91 92 91 92 
time on:1300
47 88 88 88 89 90 91 91 91 92 
time on:1296
45 88 88 88 88 89 90 91 91 91 
time on:1292
45 88 88 88 88 90 91 91 91 92 
time on:1300
47 87 88 88 88 89 91 91 90 91 
time on:1292
45 88 88 88 89 90 91 91 92 92 
time on:1296
47 88 88 88 89 90 91 91 91 92 
time on:1300
48 88 88 88 89 90 90 91 91 91 
time on:1292
45 88 88 88 89 89 90 91 91 91 
time on:1296
46 88 88 88 88 89 90 91 91 90 
time on:1300
47 87 87 88 87 89 89 90 90 90 
time on:1292
45 86 87 87 88 88 89 90 90 90 
time on:1296
47 88 88 88 88 89 90 90 91 91 
time on:1300
46 87 87 87 87 88 90 90 90 90 
time on:1292
45 87 87 88 88 88 90 90 90 91 
time on:1296
46 87 87 87 87 88 89 90 90 90 
time on:1300
47 87 87 87 88 89 90 90 90 90 
time on:1292
44 87 87 88 88 89 90 90 91 91 
time on:1300
47 87 87 88 88 89 90 90 91 91 
time on:1300
47 87 87 86 88 89 90 90 91 90 
time on:1300
45 87 88 88 88 89 90 90 90 90 
time on:1300
46 87 87 88 88 88 90 90 90 91 
time on:1300
47 87 87 88 88 89 90 90 90 90 
time on:1292
45 87 87 86 87 88 90 90 91 90 
time on:1292
45 88 88 88 89 89 90 91 91 91 
time on:1300
47 88 88 88 88 89 91 91 91 91 
time on:1292
45 88 88 88 88 89 91 91 91 91 
time on:1296
47 88 88 88 89 90 91 91 91 91 
time on:1300
47 88 88 87 88 90 90 91 91 91 
time on:1292
45 87 88 88 88 89 90 90 91 91 
time on:1300
46 88 88 88 88 89 90 91 91 91 
time on:1292
45 88 88 88 89 90 90 91 91 91 
time on:1292
45 88 87 87 89 89 90 91 91 91 
time on:1300
46 87 87 88 88 88 89 90 90 90 
time on:1300
47 87 87 88 88 89 90 90 90 91 
time on:1292
45 87 87 88 88 89 89 90 91 90 
time on:1300
46 87 87 87 88 89 89 90 90 90 
time on:1300
47 87 87 87 88 89 90 90 90 90 
time on:1292
45 87 87 88 88 89 90 91 91 91 
time on:1292
45 87 87 88 88 89 90 90 90 90 
time on:1300
47 88 88 88 88 89 90 91 91 91 
time on:1292
45 87 86 86 87 87 89 89 89 89 
time on:1296
46 87 87 87 88 89 90 89 90 91 
time on:1300
46 87 87 87 88 89 90 89 90 90 
time on:1292
45 87 88 87 88 89 90 90 91 90 
time on:1296
46 87 86 87 88 89 90 90 90 90 
time on:1300
47 87 87 87 88 89 90 90 90 91 
time on:1292
45 87 87 87 88 89 90 90 90 91 
time on:1296
46 87 87 88 88 89 90 90 91 91 
time on:1300
46 87 87 86 87 88 89 90 90 90 
time on:1300
47 87 87 86 87 88 89 90 90 90 
time on:1292
46 86 87 87 88 88 89 90 90 90 
time on:1300
47 87 87 87 88 88 90 90 90 90 
time on:1292
45 86 86 86 86 88 89 89 89 90 
time on:1308
46 86 87 87 87 88 89 90 89 90 
time on:1300
47 87 87 87 88 88 89 90 90 90 
time on:1300
46 87 87 87 87 88 89 89 90 90 
time on:1292
45 86 86 86 86 87 89 89 89 90 
time on:1296
45 86 87 87 87 88 89 90 90 89 
time on:1296
45 86 87 87 87 88 89 89 90 89 
time on:1292
45 87 87 87 88 88 89 90 90 90 
time on:1300
47 87 87 88 88 89 90 90 90 90 
time on:1292
45 87 87 87 88 89 90 91 90 90 
time on:1292
45 87 87 86 88 89 90 89 90 90 
time on:1300
47 87 87 87 87 88 90 90 89 90 
time on:1292
44 87 86 87 87 87 90 90 90 90 
time on:1292
45 86 87 87 87 88 89 89 90 90 
time on:1300
46 86 86 87 87 88 89 89 89 90 
time on:1292
45 86 87 87 87 88 89 89 90 90 
time on:1296
46 87 87 87 87 89 89 90 90 90 
time on:1300
46 87 87 87 87 88 89 90 89 90 
time on:1292
45 86 87 87 88 88 89 90 90 90 
time on:1300
46 87 87 87 88 89 89 90 90 90 
time on:1300
46 87 87 87 88 89 89 90 90 90 
time on:1292
45 86 86 86 87 88 89 90 90 90 
time on:1292
45 87 87 87 88 88 89 90 90 90 
time on:1300
46 86 87 87 87 88 89 89 90 90 
time on:1292
45 86 87 87 87 88 89 90 90 90 
time on:1296
46 86 87 87 87 88 89 89 90 90 
time on:1300
46 87 86 87 88 88 90 90 90 90 
time on:1300
47 86 86 87 87 88 89 90 90 90 
time on:1292
44 86 86 86 87 88 89 88 90 90 
time on:1300
47 86 86 86 87 87 89 89 90 89 
time on:1292
45 86 86 86 87 88 89 89 89 89 
time on:1296
46 86 86 86 87 88 89 88 89 89 
time on:1300
46 86 86 86 86 88 88 89 89 89 
time on:1292
44 86 86 86 87 88 88 89 89 89 
time on:1292
45 86 86 86 86 87 88 89 89 89 
time on:1308
46 86 86 87 87 88 89 89 89 90 
time on:1292
44 86 87 86 86 88 88 89 89 89 
time on:1300
46 87 86 86 87 88 89 89 90 90 
time on:1300
47 86 87 87 87 88 89 90 90 90 
time on:1292
45 86 86 87 87 88 89 89 90 89 
time on:1300
46 87 87 87 87 88 89 90 90 90 
time on:1300
46 86 86 87 87 88 89 88 90 90 
time on:1292
45 86 87 87 87 88 88 89 89 89 
time on:1300
46 86 86 87 87 88 89 89 90 89 
time on:1300
46 86 87 87 87 88 89 89 90 89 
time on:1292
44 86 87 87 87 88 89 89 90 90 
time on:1300
46 87 87 87 88 89 90 89 90 90 
time on:1300
46 87 87 87 87 88 89 90 90 90 
time on:1292
45 87 87 87 87 88 89 90 89 90 
time on:1292
45 87 87 87 88 88 90 90 90 90 
time on:1300
46 87 87 88 88 89 90 90 91 91 
time on:1292
45 88 88 87 88 89 89 91 90 91 
time on:1296
46 87 87 87 88 89 90 91 90 91 
time on:1300
46 87 87 88 88 89 90 90 90 91 
time on:1292
44 87 87 87 87 88 89 91 90 91 
time on:1300
46 88 87 88 88 88 90 90 91 90 
time on:1296
45 87 87 87 87 88 90 90 90 91 
time on:1292
45 87 87 88 88 89 89 90 90 91 
time on:1296
46 87 87 87 87 88 90 90 90 90 
time on:1300
47 87 88 88 88 89 90 90 90 91 
time on:1292
45 87 87 87 88 89 90 91 91 91 
time on:1296
46 87 87 88 88 89 90 90 91 91 
time on:1300
47 87 88 88 88 89 90 90 90 90 
time on:1292
44 87 88 88 89 89 90 91 91 91 
time on:1300
46 88 88 88 88 89 90 91 91 91 
time on:1300
46 87 88 88 88 89 90 91 91 91 
time on:1300
48 88 88 88 89 89 90 91 91 91 
time on:1292
45 88 88 88 89 90 91 91 92 92 
time on:1292
45 88 88 88 89 90 90 91 91 92 
time on:1304
45 88 88 88 89 90 90 91 91 91 
time on:1296
46 88 88 88 88 89 90 91 91 91 
time on:1296
46 87 87 88 88 89 90 91 91 91 
time on:1292
44 88 88 88 88 89 91 91 91 91 
time on:1292
45 88 88 88 89 89 91 91 91 91 
time on:1300
47 88 88 88 89 90 91 91 91 91 
time on:1292
44 87 89 89 89 90 91 92 92 92 
time on:1296
46 88 89 89 89 90 91 92 92 92 
time on:1300
48 89 88 89 89 91 91 92 92 91 
time on:1292
45 89 89 88 90 90 91 92 92 92 
time on:1296
46 88 88 89 88 90 91 91 91 92 
time on:1300
47 89 89 89 89 90 91 92 92 92 
time on:1292
44 88 88 89 89 90 91 92 92 92 
time on:1300
47 88 88 89 89 90 90 92 92 92 
time on:1300
47 88 88 88 89 90 91 91 91 91 
time on:1292
45 89 89 89 90 91 91 92 92 93 
time on:1296
46 87 87 87 88 89 89 90 90 91 
time on:1300
46 85 85 86 86 86 88 88 88 88 
time on:1292
43 84 85 86 86 86 87 88 88 88 
time on:1292
45 85 85 85 85 86 87 88 88 87 
time on:1300
45 85 84 85 85 86 87 87 87 88 
time on:1296
45 84 85 85 85 86 87 87 88 88 
time on:1292
44 83 85 86 85 86 87 88 88 87 
time on:1300
46 85 85 85 86 87 87 88 88 88 
time on:1292
44 85 86 86 86 87 88 88 88 89 
time on:1300
47 86 86 86 87 87 89 89 89 89 
time on:1300
46 84 85 85 85 86 87 87 88 88 
time on:1292
44 86 86 86 86 87 88 89 89 89 
time on:1300
46 85 85 85 86 86 88 88 89 88 
time on:1300
46 84 84 85 85 86 87 87 88 87 
time on:1292
45 85 85 85 85 86 86 87 88 88 
time on:1296
45 85 85 85 85 86 87 88 88 88 
time on:1300
46 85 84 85 84 86 86 87 88 88 
time on:1292
45 84 84 84 85 86 87 87 88 87 
time on:1296
45 84 85 84 85 86 86 87 87 87 
time on:1300
46 85 85 85 85 86 87 88 88 88 
time on:1292
44 85 84 85 85 86 87 87 87 88 
time on:1300
45 84 84 84 85 85 86 87 87 87 
time on:1300
44 84 84 84 85 85 86 87 87 87 
time on:1300
44 84 85 85 85 86 87 88 88 88 
time on:1292
44 84 85 85 85 86 87 87 88 88 
time on:1300
45 84 84 84 85 86 86 87 88 88 
time on:1292
44 84 84 84 84 84 86 86 87 87 
time on:1292
45 84 85 85 85 85 87 87 87 87 
time on:1300
46 85 85 85 85 86 86 87 88 88 
time on:1300
47 85 85 85 86 87 88 88 89 88 
time on:1292
45 85 86 85 86 87 88 88 88 88 
time on:1300
46 86 87 87 87 88 89 90 90 90 
time on:1292
44 86 86 87 87 88 89 89 90 90 
time on:1296
46 87 87 87 88 88 89 90 90 90 
time on:1300
46 86 86 86 87 88 89 89 89 89 
time on:1292
44 86 86 87 87 88 88 89 90 90 
time on:1300
46 85 86 86 86 87 88 89 88 89 
time on:1300
46 86 87 87 87 88 89 89 90 90 
time on:1292
45 86 86 86 87 88 89 89 89 89 
time on:1296
48 86 86 88 88 88 89 88 90 90 
time on:1300
60 89 89 90 91 91 92 91 91 91 
time on:1292
51 88 88 89 90 90 90 91 90 90 
time on:1292
50 87 88 89 90 90 91 91 91 90 
time on:1300
56 88 89 90 90 91 91 91 91 91 
time on:1292
50 88 88 89 90 91 91 91 91 91 
time on:1300
59 88 90 91 91 91 92 92 92 92 
time on:1300
59 89 90 91 92 92 92 92 92 92 
time on:1292
53 89 90 91 92 92 92 92 92 92 
time on:1300
53 87 88 88 90 90 90 90 90 90 
time on:1300
57 88 88 89 90 90 91 91 91 91 
time on:1292
46 88 88 88 89 90 91 91 91 91 
time on:1292
46 88 88 89 90 90 91 91 91 91 
time on:1300
50 87 87 88 89 89 90 91 90 90 
time on:1292
47 88 88 89 89 91 91 91 91 91 
time on:1300
51 87 88 89 89 90 90 91 91 91 
time on:1300
52 87 88 89 89 90 90 91 90 90 
time on:1300
52 86 86 87 88 89 89 89 89 89 
time on:1300
47 85 86 86 87 87 88 88 88 88 
time on:1296
48 86 86 87 88 89 89 89 89 89 
time on:1292
47 87 87 88 89 89 90 90 90 90 
time on:1300
51 87 88 88 90 90 90 90 90 90 
time on:1300
51 87 87 88 89 90 89 90 90 90 
time on:1292
47 86 87 87 88 89 89 89 89 89 
time on:1300
52 86 87 87 88 89 89 89 89 89 
time on:1300
52 85 86 86 87 88 88 88 88 88 
time on:1292
46 85 86 86 87 88 88 88 89 88 
time on:1292
47 85 85 86 87 87 88 88 88 88 
time on:1300
47 85 85 85 86 87 88 88 89 87 
time on:1292
46 86 86 86 87 87 88 88 89 89 
time on:1296
48 86 86 86 87 88 89 89 89 90 
time on:1300
48 86 86 87 87 88 89 89 89 89 
time on:1292
46 86 87 88 88 89 91 91 91 90 
time on:1300
50 87 88 89 90 91 90 91 91 91 
time on:1300
51 87 88 89 89 90 90 90 90 90 
time on:1292
48 89 89 90 90 92 91 92 92 92 
time on:1300
54 89 89 91 92 92 92 93 93 93 
time on:1300
53 88 89 90 90 91 91 91 91 91 
time on:1292
48 88 88 89 90 90 91 91 91 91 
time on:1296
53 88 88 90 91 91 91 91 91 91 
time on:1300
49 89 89 90 92 92 93 93 93 92 
time on:1292
44 90 90 90 91 92 93 93 93 93 
time on:1300
47 92 92 92 92 93 95 95 95 95 
time on:1300
47 89 90 90 91 92 93 93 93 93 
time on:1292
45 89 90 89 90 91 92 92 93 93 
time on:1296
46 87 87 87 88 89 90 90 90 90 
time on:1300
46 85 85 86 86 87 87 88 89 88 
time on:1292
45 85 85 85 85 86 87 88 88 88 
time on:1296
45 82 82 82 82 83 84 84 84 85 
time on:1300
45 74 74 74 74 75 75 76 76 76 
time on:1292
44 72 73 73 73 73 73 74 74 75 
time on:1292
44 72 72 72 72 73 72 74 74 74 
time on:1308
44 72 72 72 72 72 73 73 73 74 
time on:1292
44 72 72 72 72 72 73 73 73 74 
time on:1296
44 72 73 72 72 73 72 73 74 74 
time on:1300
44 73 73 73 73 74 74 75 75 75 
time on:1292
44 79 79 79 79 80 80 81 81 81 
time on:1300
46 85 85 85 85 86 87 88 88 88 
time on:1300
46 87 87 87 87 88 89 90 90 90 
time on:1292
45 89 88 89 89 90 91 91 91 92 
time on:1296
45 88 88 89 89 90 91 91 92 92 
time on:1300
47 90 90 91 91 93 93 94 94 94 
time on:1292
44 88 89 89 89 90 91 92 92 92 
time on:1292
44 89 89 89 89 90 91 92 92 92 
time on:1300
46 88 87 88 88 89 90 91 91 91 
time on:1292
44 88 86 88 88 89 90 90 91 90 
time on:1292
44 87 87 87 88 89 89 90 90 90 
time on:1300
47 88 88 88 89 89 90 91 91 91 
time on:1292
44 88 88 88 88 89 90 91 91 91 
time on:1296
46 87 88 88 88 89 90 90 91 91 
time on:1300
46 86 87 87 87 88 89 90 90 90 
time on:1292
44 88 88 88 88 89 90 91 91 91 
time on:1296
46 87 86 87 87 88 89 89 90 89 
time on:1300
47 90 88 89 90 91 92 93 92 92 
time on:1292
44 89 89 89 89 90 91 90 92 92 
time on:1300
46 88 88 88 88 89 90 91 91 91 
time on:1300
46 87 87 88 88 89 90 90 90 90 
time on:1292
44 88 88 88 89 90 91 91 92 92 
time on:1296
45 88 88 89 89 90 91 92 91 91 
time on:1300
57 90 90 91 92 93 93 93 93 93 
time on:1292
48 89 89 90 91 92 91 92 92 92 
time on:1300
52 89 89 90 91 92 92 92 92 92 
time on:1300
52 88 88 90 91 92 92 91 92 92 
time on:1292
47 88 88 89 90 91 91 91 91 91 
time on:1300
52 88 88 89 90 91 91 91 91 91 
time on:1300
52 88 88 88 90 90 90 91 91 91 
time on:1300
48 88 88 89 90 91 91 91 90 91 
time on:1296
52 88 89 89 91 90 91 91 92 91 
time on:1300
54 88 88 89 90 91 91 91 91 91 
time on:1292
49 89 89 90 91 91 92 92 92 92 
time on:1292
49 87 87 89 90 91 90 91 90 90 
time on:1300
53 87 88 89 90 90 90 90 90 91 
time on:1292
48 88 88 88 90 91 91 91 91 91 
time on:1300
52 86 87 88 89 90 90 90 89 90 
time on:1300
52 87 87 88 89 90 89 90 89 90 
time on:1300
54 87 87 88 90 90 90 90 91 90 
time on:1292
49 88 88 89 90 91 92 90 91 91 
time on:1292
49 89 89 91 91 92 92 92 92 92 
time on:1292
48 89 89 90 91 93 93 92 93 92 
time on:1296
53 89 89 90 91 92 92 92 92 92 
time on:1300
56 89 90 91 92 92 93 93 93 93 
time on:1292
48 89 89 90 91 92 92 92 92 92 
time on:1296
54 89 89 90 91 92 92 92 92 92 
time on:1300
55 89 90 91 91 92 92 92 92 93 
time on:1292
48 89 90 91 91 93 92 93 93 92 
time on:1292
48 86 88 88 89 90 90 90 90 90 
time on:1300
53 86 86 86 87 89 89 89 89 88 
time on:1300
53 86 86 88 88 89 89 89 89 89 
time on:1292
48 86 86 87 88 89 89 89 89 89 
time on:1300
52 85 86 87 88 88 89 89 88 89 
time on:1292
47 84 85 86 87 87 88 88 88 88 
time on:1296
51 86 86 87 88 89 89 89 89 89 
time on:1300
53 86 87 87 88 88 89 89 89 89 
time on:1292
48 86 86 87 89 89 89 89 89 89 
time on:1296
52 87 88 88 89 90 90 90 90 90 
time on:1300
52 86 86 87 88 89 89 89 89 89 
time on:1292
48 86 87 88 89 89 90 90 90 90 
time on:1300
52 86 86 87 88 89 89 89 89 89 
time on:1300
52 85 86 86 87 88 88 88 88 88 
time on:1292
47 86 86 87 88 89 89 88 89 89 
time on:1304
51 86 86 87 88 88 88 89 88 89 
time on:1300
52 85 85 86 87 88 88 88 88 88 
time on:1292
47 85 86 86 87 88 88 88 88 88 
time on:1300
52 85 86 86 88 88 88 88 88 89 
time on:1300
52 86 86 87 88 88 88 89 89 89 
time on:1292
48 86 86 87 87 89 89 89 89 89 
time on:1300
51 85 86 86 87 87 88 88 88 87 
time on:1300
52 85 85 86 87 88 88 88 88 88 
time on:1292
48 85 86 87 88 88 88 88 89 89 
time on:1292
48 85 85 86 87 88 88 88 88 88 
time on:1300
52 85 86 86 87 88 88 88 88 88 
time on:1296
49 85 86 86 87 88 88 88 88 88 
time on:1292
48 85 85 86 87 88 88 88 88 88 
time on:1300
52 85 86 86 87 88 88 88 88 89 
time on:1292
47 86 86 87 88 89 89 89 89 89 
time on:1296
51 86 86 88 89 89 89 89 89 90 
time on:1300
53 87 88 89 90 90 90 90 91 91 
time on:1292
48 87 87 88 89 90 90 90 90 90 
time on:1300
53 88 88 90 91 91 91 91 90 91 
time on:1300
53 87 88 88 89 90 90 90 90 90 
time on:1300
54 87 87 89 89 90 90 90 90 91 
time on:1292
48 86 86 87 88 89 89 89 90 89 
time on:1300
53 89 89 90 91 91 91 92 92 92 
time on:1292
48 87 88 88 89 90 90 90 90 89 
time on:1292
49 88 88 89 90 90 91 91 91 91 
time on:1300
53 87 87 88 89 89 90 89 90 90 
time on:1292
48 86 86 87 88 89 89 89 89 89 
time on:1300
52 87 87 88 89 90 90 90 90 90 
time on:1300
52 88 88 89 89 90 91 91 91 91 
time on:1292
47 87 87 88 89 90 90 90 90 90 
time on:1300
52 87 87 88 89 90 90 90 91 90 
time on:1300
53 88 88 89 90 91 91 91 91 90 
time on:1292
48 88 88 89 90 91 90 90 91 91 
time on:1292
48 87 88 88 89 90 90 90 90 90 
time on:1308
52 87 88 88 89 90 90 90 90 90 
time on:1292
48 88 88 89 90 91 91 91 91 91 
time on:1300
53 88 89 89 91 91 92 91 91 92 
time on:1300
53 88 89 89 90 91 91 91 91 91 
time on:1292
48 88 88 90 91 91 91 91 92 92 
time on:1304
52 88 88 89 90 91 91 91 91 91 
time on:1300
53 88 88 89 90 91 91 91 91 91 
time on:1292
48 87 87 88 89 89 90 90 90 90 
time on:1300
51 86 85 87 87 88 88 89 88 88 
time on:1300
52 86 86 87 88 89 89 89 90 89 
time on:1292
47 87 87 88 89 90 90 90 90 91 
time on:1300
51 87 87 88 89 90 90 90 90 90 
time on:1300
52 87 87 88 89 90 90 90 90 90 
time on:1292
47 87 87 88 89 89 89 89 90 90 
time on:1292
48 86 87 88 88 89 89 89 90 89 
time on:1300
51 85 86 86 88 88 88 88 88 88 
time on:1292
47 85 85 87 88 88 88 88 89 88 
time on:1300
50 85 85 86 87 88 88 88 87 88 
time on:1300
50 85 86 87 87 88 88 88 88 89 
time on:1292
46 85 86 87 87 88 89 89 89 89 
time on:1300
51 86 87 87 89 89 89 90 90 90 
time on:1296
48 86 87 88 88 89 90 89 90 89 
time on:1292
47 87 88 89 90 91 91 91 91 91 
time on:1300
51 87 88 89 90 90 91 91 91 91 
time on:1300
52 88 88 89 90 90 91 91 91 91 
time on:1292
47 88 88 89 90 91 92 92 91 91 
time on:1296
52 88 89 90 91 92 92 92 92 92 
time on:1300
52 89 89 90 91 91 92 91 92 92 
time on:1292
47 88 88 88 90 91 91 91 91 91 
time on:1300
46 88 88 88 89 90 91 91 91 91 
time on:1300
46 90 89 90 90 91 92 92 92 93 
time on:1300
47 90 90 90 91 92 92 93 93 93 
time on:1292
45 91 91 92 92 93 94 95 95 95 
time on:1296
45 90 90 90 90 92 92 93 93 93 
time on:1304
45 89 89 89 90 91 91 92 92 92 
time on:1296
45 87 86 88 88 89 90 90 90 90 
time on:1292
44 86 86 86 86 87 88 89 89 89 
time on:1292
44 85 85 85 86 86 87 88 88 88 
time on:1292
44 82 83 83 83 83 84 85 85 85 
time on:1308
44 74 74 74 74 74 75 76 76 76 
time on:1292
44 72 73 73 73 73 73 74 74 74 
time on:1300
44 72 72 72 72 73 73 74 73 74 
time on:1300
44 71 72 72 72 72 72 73 72 74 
time on:1292
44 71 71 72 72 71 72 72 73 73 
time on:1300
44 72 72 72 72 72 72 73 73 74 
time on:1300
44 72 73 73 73 73 73 74 74 75 
time on:1292
44 78 78 78 78 78 79 80 80 80 
time on:1300
45 84 84 84 85 86 86 87 88 87 
time on:1300
46 86 87 87 87 88 89 90 90 90 
time on:1292
44 88 88 89 89 90 91 92 92 92 
time on:1292
44 87 88 88 88 89 90 91 91 91 
time on:1300
46 89 89 90 90 92 91 93 93 93 
time on:1292
44 89 90 90 90 91 92 92 93 93 
time on:1292
45 88 88 88 88 90 91 91 92 92 
time on:1300
46 88 88 88 88 89 91 91 90 91 
time on:1296
45 88 86 87 88 89 90 90 89 89 
time on:1292
45 87 87 87 88 89 89 90 90 90 
time on:1300
46 89 88 88 89 90 91 91 91 92 
time on:1292
44 87 88 88 88 89 90 91 91 91 
time on:1296
46 87 87 87 87 88 89 90 90 90 
time on:1300
46 87 87 87 87 88 89 90 90 90 
time on:1292
44 87 88 88 89 90 91 91 91 92 
time on:1296
46 87 87 87 87 88 90 90 90 90 
time on:1300
46 87 88 89 89 90 91 91 92 92 
time on:1292
44 89 88 89 89 90 91 92 92 92 
time on:1296
46 88 88 88 89 89 91 91 91 91 
time on:1300
46 87 87 87 87 88 89 90 90 90 
time on:1292
44 87 88 88 88 89 90 90 91 91 
time on:1300
45 88 88 88 89 89 90 90 91 89 
time on:1300
46 89 89 89 89 90 91 92 92 92 
time on:1292
44 88 88 88 88 89 91 91 90 91 
time on:1300
46 88 88 88 88 89 91 91 91 91 
time on:1300
46 88 88 88 88 89 91 91 91 91 
time on:1300
44 87 87 88 88 89 90 91 91 91 
time on:1296
46 88 88 88 89 90 90 91 91 91 
time on:1300
46 87 87 87 87 88 88 90 90 90 
time on:1292
44 87 87 86 87 88 89 90 89 90 
time on:1292
44 88 88 88 88 89 90 91 91 90 
time on:1300
46 87 87 87 88 89 89 90 90 90 
time on:1300
46 87 87 87 87 88 89 89 90 90 
time on:1292
44 86 87 87 87 87 89 90 90 90 
time on:1300
45 87 87 88 88 89 89 90 91 90 
time on:1300
46 87 86 87 87 88 89 90 90 90 
time on:1292
44 85 86 86 87 87 88 89 89 89 
time on:1292
44 86 86 87 86 88 89 89 89 89 
time on:1292
44 86 87 87 88 88 89 90 90 90 
time on:1300
46 87 88 88 88 89 90 90 91 91 
time on:1300
46 88 87 88 88 89 90 91 91 91 
time on:1292
44 88 88 88 89 90 91 91 92 92 
time on:1296
46 88 87 88 88 89 90 91 91 91 
time on:1300
46 89 88 89 89 91 92 92 92 92 
time on:1292
44 88 88 88 89 90 90 91 91 91 
time on:1292
44 88 88 88 89 90 90 91 91 91 
time on:1300
46 88 89 88 89 89 91 91 92 92 
time on:1292
44 89 89 89 89 91 92 92 93 93 
time on:1296
45 86 86 86 87 87 89 90 89 89 
time on:1300
45 85 85 85 85 86 87 88 87 88 
time on:1292
44 85 86 85 86 87 88 88 88 88 
time on:1296
45 85 85 85 85 86 86 87 88 88 
time on:1300
45 84 84 85 85 85 86 87 87 87 
time on:1292
44 85 85 84 85 86 87 88 88 88 
time on:1300
45 85 85 85 85 85 87 88 88 87 
time on:1300
45 84 85 85 85 85 87 88 88 88 
time on:1292
43 84 85 85 85 86 87 88 88 88 
time on:1300
45 86 86 86 87 88 88 89 89 90 
time on:1300
46 85 85 85 85 86 88 88 88 88 
time on:1292
44 86 86 86 86 87 88 88 89 89 
time on:1308
44 84 85 85 85 86 87 88 88 88 
time on:1300
45 84 85 85 85 86 87 88 88 88 
time on:1300
45 85 85 84 85 86 87 87 88 88 
time on:1292
44 84 85 85 86 86 87 88 88 88 
time on:1296
44 84 84 84 84 85 86 87 87 87 
time on:1296
44 84 84 85 85 86 87 87 87 88 
time on:1292
44 85 85 85 85 86 87 87 88 88 
time on:1300
46 84 85 85 85 86 87 88 88 87 
time on:1292
44 85 85 85 85 86 86 88 88 88 
time on:1292
44 84 84 84 85 86 86 87 87 87 
time on:1300
45 84 84 84 85 85 86 87 87 87 
time on:1292
44 84 84 84 85 86 87 87 88 87 
time on:1292
44 84 85 85 85 86 86 87 88 87 
time on:1300
45 84 84 84 84 86 86 87 87 87 
time on:1300
50 85 85 85 86 87 88 88 88 88 
time on:1292
48 84 86 86 87 87 88 88 87 88 
time on:1300
52 85 86 87 87 88 88 88 88 88 
time on:1292
47 85 86 86 87 88 88 89 88 88 
time on:1296
51 87 88 89 90 90 91 90 90 91 
time on:1300
52 87 87 88 89 89 90 90 90 90 
time on:1292
48 87 87 88 89 90 90 90 90 90 
time on:1292
48 88 89 89 90 91 91 91 91 91 
time on:1300
53 87 88 89 89 90 90 90 90 90 
time on:1292
47 87 88 88 89 90 90 90 90 90 
time on:1296
51 86 86 87 88 89 89 89 89 89 
time on:1300
52 88 88 88 90 90 90 91 91 91 
time on:1300
52 87 87 87 89 90 90 90 89 90 
time on:1292
47 87 87 88 89 90 90 90 90 90 
time on:1300
52 87 87 88 89 90 90 90 90 90 
time on:1300
53 86 86 87 88 89 89 89 89 89 
time on:1292
48 87 87 88 89 89 90 90 89 90 
time on:1300
55 87 88 89 90 91 91 91 91 89 
time on:1292
48 87 88 89 90 90 90 91 90 90 
time on:1292
49 87 88 89 90 90 90 91 90 91 
time on:1308
53 88 88 89 90 90 91 91 91 91 
time on:1292
48 87 88 89 89 91 90 91 91 91 
time on:1296
52 88 88 89 90 90 90 91 91 91 
time on:1300
53 87 88 88 89 90 90 90 90 90 
time on:1292
48 87 88 88 89 90 90 90 90 90 
time on:1300
52 87 88 89 89 90 89 90 91 90 
time on:1300
53 88 89 89 90 91 91 91 91 91 
time on:1292
47 88 88 89 90 91 91 91 91 91 
time on:1300
52 88 89 90 91 91 92 92 91 91 
time on:1300
54 88 88 89 90 91 91 91 90 91 
time on:1292
48 88 88 89 90 90 91 91 91 91 
time on:1296
51 86 86 87 88 88 89 89 89 89 
time on:1300
51 86 86 87 88 88 89 89 89 89 
time on:1292
47 87 87 88 88 89 89 89 90 90 
time on:1292
48 87 88 89 90 90 90 91 91 91 
time on:1300
53 87 87 88 89 89 90 90 90 90 
time on:1292
47 87 87 88 89 90 90 90 90 90 
time on:1296
50 86 86 88 88 89 89 89 89 89 
time on:1300
51 86 86 87 88 88 89 89 89 89 
time on:1292
47 86 86 86 87 88 88 88 88 88 
time on:1300
51 85 86 86 87 87 88 88 88 88 
time on:1296
48 84 85 85 87 87 87 88 88 87 
time on:1292
47 85 86 87 88 88 88 89 89 89 
time on:1296
51 86 86 87 88 89 89 90 90 89 
time on:1300
52 86 87 88 89 89 89 89 90 89 
time on:1292
47 87 88 88 89 90 90 90 90 90 
time on:1296
52 88 88 89 90 91 91 91 91 91 
time on:1300
54 88 88 89 90 90 91 91 91 91 
time on:1292
48 88 88 89 90 91 91 90 91 91 
time on:1296
53 89 88 91 91 92 92 92 92 92 
time on:1300
53 89 89 91 91 92 92 92 92 92 
time on:1292
47 88 88 89 91 91 91 91 91 92 
time on:1300
52 88 89 90 91 91 92 92 91 91 
time on:1300
46 87 87 87 88 89 90 90 91 91 
time on:1300
44 88 88 89 90 90 91 92 92 92 
time on:1296
46 91 91 91 92 93 94 95 95 94 
time on:1300
47 90 91 91 92 93 93 94 94 94 
time on:1292
44 90 90 91 91 92 93 92 94 94 
time on:1292
44 89 89 89 89 90 91 92 92 92 
time on:1300
46 86 86 86 87 88 89 89 90 88 
time on:1292
44 85 85 85 85 86 87 88 88 88 
time on:1296
45 84 84 84 84 85 86 87 87 87 
time on:1300
44 77 78 78 78 78 79 80 80 80 
time on:1292
44 72 73 73 73 73 73 74 75 75 
time on:1296
44 72 72 72 73 73 73 73 74 74 
time on:1300
44 72 72 72 72 72 72 72 73 74 
time on:1292
44 72 72 72 72 72 72 73 73 73 
time on:1300
44 71 71 72 72 72 72 73 73 73 
time on:1300
44 72 72 72 72 73 73 73 74 74 
time on:1292
43 74 74 74 74 75 75 75 75 76 
time on:1296
45 82 82 82 82 83 84 84 85 85 
time on:1300
46 86 86 86 87 87 89 89 89 89 
time on:1292
44 88 89 89 89 90 91 92 92 92 
time on:1292
45 87 88 88 88 89 90 91 91 91 
time on:1300
46 89 89 89 89 91 91 92 92 92 
time on:1296
45 90 91 91 91 92 93 94 94 94 
time on:1292
44 87 88 88 89 89 91 92 92 92 
time on:1300
47 89 89 90 90 91 92 92 93 93 
time on:1292
44 88 88 87 88 89 90 91 91 91 
time on:1300
46 88 88 88 89 90 91 91 91 91 
time on:1300
46 88 88 88 88 89 90 91 91 91 
time on:1292
44 88 88 88 88 90 90 91 91 91 
time on:1300
45 88 88 88 89 90 91 91 92 92 
time on:1300
46 87 87 87 88 89 90 90 90 90 
time on:1292
44 87 88 88 88 89 90 90 91 90 
time on:1296
45 87 87 87 88 89 90 90 90 90 
time on:1300
46 88 88 87 88 89 90 91 91 91 
time on:1292
45 89 89 89 90 91 92 92 92 93 
time on:1300
46 89 89 89 90 90 91 92 92 92 
time on:1300
46 88 88 88 88 88 90 91 91 91 
time on:1292
44 88 88 88 88 89 90 91 91 91 
time on:1300
46 88 88 88 89 89 91 90 91 91 
time on:1300
47 89 89 89 89 91 91 92 92 92 
time on:1300
44 88 89 88 88 90 90 91 91 92 
time on:1292
45 89 89 88 89 90 91 92 92 92 
time on:1300
46 87 88 88 88 89 91 91 91 91 
time on:1292
44 88 88 88 89 90 91 91 91 91 
time on:1292
44 87 87 88 88 88 90 90 90 91 
time on:1300
46 87 87 88 88 89 90 90 91 91 
time on:1300
47 88 87 87 88 89 90 90 90 90 
time on:1292
44 87 88 88 88 89 90 90 91 91 
time on:1300
47 88 88 88 88 89 91 91 91 91 
