.time on:2452
0 0 0 0 0 0 0 0 0 0 
time on:1296
84 124 128 131 132 132 131 132 132 132 
time on:1296
86 124 128 131 132 131 132 132 132 131 
time on:1292
76 124 128 131 131 131 132 131 131 131 
time on:1296
88 125 128 130 131 132 132 131 132 132 
time on:1296
85 124 128 131 132 132 132 131 131 132 
time on:1292
74 124 128 131 131 132 132 132 132 132 
time on:1296
83 124 128 131 131 132 132 132 132 131 
time on:1292
73 124 128 131 131 131 131 131 132 132 
time on:1300
90 124 128 131 131 131 131 131 131 131 
time on:1296
88 125 128 131 131 131 132 131 131 132 
time on:1304
86 124 128 131 131 131 132 132 132 132 
time on:1296
85 124 128 131 131 131 132 132 132 132 
time on:1296
87 124 128 131 131 131 132 131 132 132 
time on:1296
85 124 128 131 131 132 131 131 132 131 
time on:1292
74 125 128 131 132 132 132 132 131 131 
time on:1296
85 125 128 131 131 132 131 132 132 132 
time on:1296
86 124 128 131 132 132 132 132 132 132 
time on:1296
80 124 128 131 132 132 132 132 132 132 
time on:1292
74 124 128 131 131 131 132 132 132 132 
time on:1296
83 125 128 131 132 132 132 132 131 132 
time on:1300
92 125 128 131 132 132 132 132 132 132 
time on:1296
85 124 128 131 132 132 132 131 132 132 
time on:1292
76 124 128 130 132 132 132 131 132 132 
time on:1300
90 125 128 131 132 132 132 131 132 132 
time on:1300
90 124 128 130 132 132 132 132 132 132 
time on:1296
86 124 128 131 132 132 132 132 132 132 
time on:1296
84 125 128 131 131 131 132 132 131 132 
time on:1296
86 125 128 131 131 132 132 132 132 131 
time on:1296
83 124 128 131 132 132 132 132 132 131 
time on:1292
74 124 128 131 131 131 132 132 132 132 
time on:1296
85 124 128 131 131 131 131 132 131 131 
time on:1296
86 124 128 131 131 132 132 131 131 132 
time on:1292
78 124 128 131 131 132 132 132 132 131 
time on:1296
86 124 128 131 131 132 132 132 132 132 
time on:1296
84 124 128 130 131 131 131 132 132 132 
time on:1296
86 124 128 131 131 131 131 132 132 131 
time on:1296
83 125 128 131 131 131 131 131 132 131 
time on:1292
74 124 128 131 132 131 132 132 132 131 
time on:1296
85 124 128 131 132 132 132 132 132 132 
time on:1292
74 124 128 131 132 132 132 131 132 132 
time on:1304
84 124 128 131 131 132 131 132 132 132 
time on:1296
82 124 128 131 131 131 132 132 132 132 
time on:1296
83 125 128 131 131 132 132 132 132 132 
time on:1296
81 125 128 131 132 132 132 132 132 132 
time on:1300
90 125 128 131 132 132 132 132 132 132 
time on:1296
88 124 128 131 132 132 132 132 132 132 
time on:1292
79 124 128 131 132 132 132 132 132 132 
time on:1296
83 124 128 131 131 132 132 132 132 132 
time on:1296
86 125 128 131 131 132 131 132 131 132 
time on:1292
76 125 128 131 132 132 132 132 131 132 
time on:1296
87 124 128 131 132 132 132 132 131 132 
time on:1296
85 124 128 131 131 131 132 131 131 132 
time on:1292
74 124 128 131 131 132 131 132 131 131 
time on:1296
83 124 128 131 132 132 132 132 132 131 
time on:1292
73 124 128 131 131 131 131 132 132 131 
time on:1300
90 124 128 131 131 131 132 132 131 131 
time on:1296
88 124 128 131 132 131 132 132 131 132 
time on:1304
86 124 128 131 131 132 131 132 132 132 
time on:1296
85 124 128 131 131 132 131 131 132 131 
time on:1296
87 124 128 131 131 132 131 132 132 132 
time on:1296
85 124 128 131 131 131 132 131 132 131 
time on:1292
74 124 128 131 132 131 132 132 132 132 
time on:1296
85 124 128 131 131 131 131 132 132 132 
time on:1296
86 124 128 131 131 131 131 132 131 132 
time on:1296
80 125 128 131 131 132 132 132 132 132 
time on:1292
73 125 128 131 131 132 132 132 132 132 
time on:1296
83 125 128 131 131 132 132 132 132 132 
time on:1300
91 124 128 131 132 132 132 132 132 132 
time on:1296
85 124 128 131 132 132 132 132 132 132 
time on:1292
75 124 128 131 132 132 132 132 131 132 
time on:1300
90 125 128 131 132 132 131 132 132 132 
time on:1300
90 125 128 131 132 132 132 132 132 132 
time on:1296
86 124 128 131 132 131 132 132 132 132 
time on:1296
83 124 128 131 131 132 132 132 132 132 
time on:1296
85 124 128 131 131 132 131 132 131 132 
time on:1296
83 125 128 131 132 132 131 131 132 132 
time on:1292
74 124 128 131 131 132 131 132 132 132 
time on:1296
85 125 128 131 132 132 132 132 131 131 
time on:1296
85 124 128 131 131 132 132 131 132 132 
time on:1292
78 124 128 131 131 131 132 132 132 132 
time on:1296
85 124 128 131 131 131 131 131 132 131 
time on:1296
84 124 128 130 131 131 131 131 131 131 
time on:1296
85 124 128 131 131 131 131 131 131 131 
time on:1296
82 124 128 131 131 132 132 132 131 131 
time on:1292
73 124 128 131 131 131 131 131 132 131 
time on:1296
85 124 128 131 131 131 131 131 131 132 
time on:1292
73 124 128 131 131 132 131 131 131 131 
time on:1304
83 124 128 131 131 131 131 131 131 132 
time on:1296
81 124 128 131 131 132 131 132 132 132 
time on:1296
83 124 128 131 131 132 132 132 132 132 
time on:1296
80 124 128 131 131 131 131 132 132 132 
time on:1300
89 124 128 131 131 131 131 131 131 132 
time on:1296
87 125 128 131 131 132 132 131 131 131 
time on:1292
78 124 128 131 131 132 132 132 132 132 
time on:1296
82 124 128 131 131 132 132 131 132 132 
